1.390188737432508458e-17 4.499721406741876366e-18 8.978743996852720712e-18 1.699053992302836199e-17 2.675366124761826913e-17 4.301344413439833368e-17 5.911135913129524305e-17 7.623332151417599734e-17 9.421374785462388766e-17 9.674946413584165560e-19 3.945397800435367220e-18 8.062494055828633715e-18 1.504194469631693936e-17 2.394783902089024704e-17 3.574825619166652295e-17 5.043317477360176635e-17 6.894814796646480985e-17 8.730157297428831770e-17
4.499721406741876366e-18 8.179185551945593783e-17 8.217190193726208182e-17 1.311025468302966186e-16 2.306710838137405639e-16 3.634686229142767327e-16 5.128229434619125148e-16 6.942860472250232130e-16 8.703232458019633103e-16 3.623065264013389852e-18 2.319088462327481087e-17 5.517378991169838017e-17 1.108496463315963763e-16 1.886234787913870313e-16 3.012298920473758065e-16 4.397669177009318534e-16 6.137476337850343934e-16 7.829942954789075401e-16
8.978743996852720712e-18 8.217190193726208182e-17 3.078886435523624938e-16 4.705287205976973361e-16 7.345295594924041043e-16 1.184584453223342654e-15 1.688432760383835855e-15 2.307064095774218576e-15 2.919758671271486974e-15 7.539512461102470430e-18 5.672810921908966089e-17 1.614489190947818280e-16 3.533571017831610758e-16 6.173807769243472372e-16 9.930865284195741366e-16 1.452723309656265164e-15 2.030048838418169935e-15 2.616120576416336541e-15
1.699053992302836199e-17 1.311025468302966186e-16 4.705287205976973361e-16 1.226186972630077508e-15 1.954821263112801203e-15 2.980150726945960885e-15 4.293791246690618530e-15 5.930605764808172217e-15 7.550962527559520219e-15 1.321450104226426103e-17 1.118854135905238963e-16 3.508211518256829196e-16 8.366455784975001237e-16 1.525060068314353106e-15 2.515764098365033445e-15 3.702587619485203292e-15 5.199042107370567830e-15 6.730324708986628508e-15
2.675366124761826913e-17 2.306710838137405639e-16 7.345295594924041043e-16 1.954821263112801203e-15 3.782992367266369705e-15 6.000663785815944153e-15 8.511211646932916105e-15 1.178043847874549468e-14 1.514067707226172285e-14 2.311229265525217228e-17 1.861343885481562584e-16 6.050103021012577211e-16 1.524688572089913214e-15 2.889977352533708577e-15 4.910342967235277105e-15 7.320481491632310110e-15 1.035054932977047328e-14 1.349004259818558493e-14
4.301344413439833368e-17 3.634686229142767327e-16 1.184584453223342654e-15 2.980150726945960885e-15 6.000663785815944153e-15 1.049210189902001061e-14 1.531405503181939754e-14 2.130794897643621954e-14 2.749068868375467860e-14 3.687608626587345600e-17 2.951862976524579174e-16 9.735249104276485905e-16 2.515961928567922040e-15 4.894006195824555201e-15 8.559666494945238411e-15 1.301764218457756997e-14 1.865634595592549030e-14 2.454645111588086666e-14
5.911135913129524305e-17 5.128229434619125148e-16 1.688432760383835855e-15 4.293791246690618530e-15 8.511211646932916105e-15 1.531405503181939754e-14 2.352842032712034587e-14 3.355048028149903291e-14 4.386734195329329927e-14 5.097360093605235810e-17 4.254034484924539641e-16 1.403188205632378469e-15 3.671258565201813382e-15 7.242753461680709742e-15 1.292396804082488385e-14 2.003940909700033878e-14 2.924146383473351270e-14 3.898816421964993399e-14
7.623332151417599734e-17 6.942860472250232130e-16 2.307064095774218576e-15 5.930605764808172217e-15 1.178043847874549468e-14 2.130794897643621954e-14 3.355048028149903291e-14 4.979590092165396312e-14 6.639990435638339269e-14 6.772578660850354526e-17 5.873464740934751782e-16 1.939744155322601790e-15 5.139954096237421694e-15 1.024664002672031195e-14 1.857108281384296342e-14 2.927300841550175325e-14 4.353054939866648488e-14 5.896962141855295978e-14
9.421374785462388766e-17 8.703232458019633103e-16 2.919758671271486974e-15 7.550962527559520219e-15 1.514067707226172285e-14 2.749068868375467860e-14 4.386734195329329927e-14 6.639990435638339269e-14 9.092325666638347156e-14 8.488295586231716376e-17 7.513239038407840221e-16 2.478254242035205141e-15 6.628030028401955297e-15 1.333617052319422385e-14 2.444491548783916291e-14 3.899684340874705204e-14 5.889294023974102919e-14 8.098759726153653471e-14
9.674946413584165560e-19 3.623065264013389852e-18 7.539512461102470430e-18 1.321450104226426103e-17 2.311229265525217228e-17 3.687608626587345600e-17 5.097360093605235810e-17 6.772578660850354526e-17 8.488295586231716376e-17 1.483297300228510552e-17 4.107899527570477334e-18 8.843405340670154436e-18 1.446318804107716590e-17 2.113677665856698902e-17 3.458217422904297314e-17 4.783492148182775616e-17 6.240723237808202065e-17 7.889895583846115190e-17
3.945397800435367220e-18 2.319088462327481087e-17 5.672810921908966089e-17 1.118854135905238963e-16 1.861343885481562584e-16 2.951862976524579174e-16 4.254034484924539641e-16 5.873464740934751782e-16 7.513239038407840221e-16 4.107899527570477334e-18 8.698403500856874136e-17 7.789303526771555569e-17 1.087884791998301241e-16 1.827185336744228918e-16 2.856049159510683571e-16 4.078807999045731601e-16 5.591614439415968945e-16 7.100975710825406909e-16
8.062494055828633715e-18 5.517378991169838017e-17 1.614489190947818280e-16 3.508211518256829196e-16 6.050103021012577211e-16 9.735249104276485905e-16 1.403188205632378469e-15 1.939744155322601790e-15 2.478254242035205141e-15 8.843405340670154436e-18 7.789303526771555569e-17 2.983645434676385798e-16 4.107597981440852863e-16 5.920098350791186662e-16 9.417009142291045450e-16 1.350851660094190926e-15 1.864455733074171135e-15 2.382044452832880701e-15
1.504194469631693936e-17 1.108496463315963763e-16 3.533571017831610758e-16 8.366455784975001237e-16 1.524688572089913214e-15 2.515961928567922040e-15 3.671258565201813382e-15 5.139954096237421694e-15 6.628030028401955297e-15 1.446318804107716590e-17 1.087884791998301241e-16 4.107597981440852863e-16 1.127696115984722320e-15 1.686766202774457022e-15 2.480077247807471912e-15 3.572758739345184242e-15 4.965406843503542828e-15 6.390764050651053015e-15
2.394783902089024704e-17 1.886234787913870313e-16 6.173807769243472372e-16 1.525060068314353106e-15 2.889977352533708577e-15 4.894006195824555201e-15 7.242753461680709742e-15 1.024664002672031195e-14 1.333617052319422385e-14 2.113677665856698902e-17 1.827185336744228918e-16 5.920098350791186662e-16 1.686766202774457022e-15 3.291348401231286858e-15 5.103035934074127495e-15 7.159076920780937712e-15 9.928174743997229694e-15 1.290148834229396415e-14
3.574825619166652295e-17 3.012298920473758065e-16 9.930865284195741366e-16 2.515764098365033445e-15 4.910342967235277105e-15 8.559666494945238411e-15 1.292396804082488385e-14 1.857108281384296342e-14 2.444491548783916291e-14 3.458217422904297314e-17 2.856049159510683571e-16 9.417009142291045450e-16 2.480077247807471912e-15 5.103035934074127495e-15 9.043022147090689239e-15 1.317688300654002600e-14 1.829485924998990670e-14 2.375924454826993009e-14
5.043317477360176635e-17 4.397669177009318534e-16 1.452723309656265164e-15 3.702587619485203292e-15 7.320481491632310110e-15 1.301764218457756997e-14 2.003940909700033878e-14 2.927300841550175325e-14 3.899684340874705204e-14 4.783492148182775616e-17 4.078807999045731601e-16 1.350851660094190926e-15 3.572758739345184242e-15 7.159076920780937712e-15 1.317688300654002600e-14 2.049650869550950561e-14 2.922035496850578217e-14 3.833260513389724619e-14
6.894814796646480985e-17 6.137476337850343934e-16 2.030048838418169935e-15 5.199042107370567830e-15 1.035054932977047328e-14 1.865634595592549030e-14 2.924146383473351270e-14 4.353054939866648488e-14 5.889294023974102919e-14 6.240723237808202065e-17 5.591614439415968945e-16 1.864455733074171135e-15 4.965406843503542828e-15 9.928174743997229694e-15 1.829485924998990670e-14 2.922035496850578217e-14 4.359231617045004654e-14 5.827851681768553652e-14
8.730157297428831770e-17 7.829942954789075401e-16 2.616120576416336541e-15 6.730324708986628508e-15 1.349004259818558493e-14 2.454645111588086666e-14 3.898816421964993399e-14 5.896962141855295978e-14 8.098759726153653471e-14 7.889895583846115190e-17 7.100975710825406909e-16 2.382044452832880701e-15 6.390764050651053015e-15 1.290148834229396415e-14 2.375924454826993009e-14 3.833260513389724619e-14 5.827851681768553652e-14 8.019259020602173906e-14
