2.932108451892158010e-17 1.034082211971271128e-17 1.932380117157267999e-17 4.071729133422278369e-17 6.513265531280754526e-17 1.013264322774197408e-16 1.415103705506952076e-16 1.922937611721782583e-16 2.384230551372765680e-16 2.136976861912299340e-18 8.624442732194904436e-18 1.996019742795231970e-17 3.795964977493672002e-17 5.871952706640993187e-17 8.779973345546639636e-17 1.209711548770727523e-16 1.635556657595517454e-16 2.067699483060766012e-16
1.034082211971271128e-17 1.758342385782744379e-16 1.723343671163529647e-16 2.809455888856702363e-16 4.904221267971657581e-16 7.739649910560707212e-16 1.099231374226426100e-15 1.482215252415221829e-15 1.856394814540474420e-15 9.498911062612261743e-18 4.536471034371059289e-17 1.171395311898663677e-16 2.360742928151373832e-16 4.005298601432252387e-16 6.427163097409869812e-16 9.242583502294378829e-16 1.283334837916346395e-15 1.643471416216131048e-15
1.932380117157267999e-17 1.723343671163529647e-16 6.489594862658943559e-16 9.859179731000817821e-16 1.549986426291849880e-15 2.483709754319894937e-15 3.535367929430689413e-15 4.802156419884194994e-15 6.048030702851934573e-15 1.761243225875313476e-17 1.169290328550833629e-16 3.426108625401803860e-16 7.489264430245148712e-16 1.295908807838139317e-15 2.088255097715108792e-15 3.027690566165485185e-15 4.204233630217845734e-15 5.389615522386550580e-15
4.071729133422278369e-17 2.809455888856702363e-16 9.859179731000817821e-16 2.636301473777088491e-15 4.217688838536053547e-15 6.391190266713418879e-15 9.170400508055417621e-15 1.258935662815766953e-14 1.595950198934604883e-14 3.142551204894249903e-17 2.319931969484219619e-16 7.553468399904353714e-16 1.821433255695843064e-15 3.314762267638353022e-15 5.438961424974609793e-15 7.920062725921282114e-15 1.106035546720891994e-14 1.427967027152764603e-14
6.513265531280754526e-17 4.904221267971657581e-16 1.549986426291849880e-15 4.217688838536053547e-15 8.138032567289833411e-15 1.286095470297284441e-14 1.822669828382080327e-14 2.516536312865956931e-14 3.231099055752842460e-14 5.667595778573125410e-17 3.888432825914350672e-16 1.320348721101248129e-15 3.332796380941739291e-15 6.311308624786784158e-15 1.062433542862057753e-14 1.570889775287819819e-14 2.218952379677824967e-14 2.889836993475145148e-14
1.013264322774197408e-16 7.739649910560707212e-16 2.483709754319894937e-15 6.391190266713418879e-15 1.286095470297284441e-14 2.243036176406929477e-14 3.275784334837615430e-14 4.549979072992844084e-14 5.867797793524815767e-14 9.160001779806248584e-17 6.211022074618355720e-16 2.129501741546151275e-15 5.484016435586435419e-15 1.067647765516670437e-14 1.849075995359648859e-14 2.786563759809004643e-14 3.994106731323570873e-14 5.257440888556953322e-14
1.415103705506952076e-16 1.099231374226426100e-15 3.535367929430689413e-15 9.170400508055417621e-15 1.822669828382080327e-14 3.275784334837615430e-14 5.034032562762580289e-14 7.156466798863113121e-14 9.348546901162266271e-14 1.273965678181641308e-16 8.927530716514221275e-16 3.086255504332797029e-15 8.026304560860050328e-15 1.584353303978625020e-14 2.796040150318438401e-14 4.289934009992376550e-14 6.256811767279709721e-14 8.340897165009374375e-14
1.922937611721782583e-16 1.482215252415221829e-15 4.802156419884194994e-15 1.258935662815766953e-14 2.516536312865956931e-14 4.549979072992844084e-14 7.156466798863113121e-14 1.056999903910392930e-13 1.407461818820039774e-13 1.719192426505196200e-16 1.220116324335093465e-15 4.265589115875971777e-15 1.123427118213504653e-14 2.236888016005876688e-14 4.004062192680741588e-14 6.244778295059009783e-14 9.276253878426869777e-14 1.255509345513535428e-13
2.384230551372765680e-16 1.856394814540474420e-15 6.048030702851934573e-15 1.595950198934604883e-14 3.231099055752842460e-14 5.867797793524815767e-14 9.348546901162266271e-14 1.407461818820039774e-13 1.923013919449654537e-13 2.182913724066106697e-16 1.561344791875015255e-15 5.462932226650942497e-15 1.448734814650048302e-14 2.909641067163133407e-14 5.266026305960515278e-14 8.312485571454227524e-14 1.253309453554593429e-13 1.720415481371181021e-13
2.136976861912299340e-18 9.498911062612261743e-18 1.761243225875313476e-17 3.142551204894249903e-17 5.667595778573125410e-17 9.160001779806248584e-17 1.273965678181641308e-16 1.719192426505196200e-16 2.182913724066106697e-16 3.215562138470168596e-17 9.718308804651503989e-18 2.090837644500897345e-17 3.252991998444645247e-17 4.910431081376190951e-17 8.524001649008482714e-17 1.200950891459495678e-16 1.635842901963938538e-16 2.128505908579253223e-16
8.624442732194904436e-18 4.536471034371059289e-17 1.169290328550833629e-16 2.319931969484219619e-16 3.888432825914350672e-16 6.211022074618355720e-16 8.927530716514221275e-16 1.220116324335093465e-15 1.561344791875015255e-15 9.718308804651503989e-18 1.880877294712327278e-16 1.627462572640386281e-16 2.331861893950812870e-16 3.833098644456458815e-16 5.903747929463527760e-16 8.345457422007405864e-16 1.150524936371872212e-15 1.475784161299721243e-15
1.996019742795231970e-17 1.171395311898663677e-16 3.426108625401803860e-16 7.553468399904353714e-16 1.320348721101248129e-15 2.129501741546151275e-15 3.086255504332797029e-15 4.265589115875971777e-15 5.462932226650942497e-15 2.090837644500897345e-17 1.627462572640386281e-16 6.483943206450164401e-16 9.021781383455625891e-16 1.304321634434849953e-15 2.058087118246781888e-15 2.941147522564637418e-15 4.086363774567692897e-15 5.242353592302687962e-15
3.795964977493672002e-17 2.360742928151373832e-16 7.489264430245148712e-16 1.821433255695843064e-15 3.332796380941739291e-15 5.484016435586435419e-15 8.026304560860050328e-15 1.123427118213504653e-14 1.448734814650048302e-14 3.252991998444645247e-17 2.331861893950812870e-16 9.021781383455625891e-16 2.458583393196703400e-15 3.717170744567950621e-15 5.462065886278483970e-15 7.826740476815967827e-15 1.087157348181381943e-14 1.402797835833099664e-14
5.871952706640993187e-17 4.005298601432252387e-16 1.295908807838139317e-15 3.314762267638353022e-15 6.311308624786784158e-15 1.067647765516670437e-14 1.584353303978625020e-14 2.236888016005876688e-14 2.909641067163133407e-14 4.910431081376190951e-17 3.833098644456458815e-16 1.304321634434849953e-15 3.717170744567950621e-15 7.277946868054458020e-15 1.123939762294175935e-14 1.568612281681334082e-14 2.174618517333287987e-14 2.827763073097399651e-14
8.779973345546639636e-17 6.427163097409869812e-16 2.088255097715108792e-15 5.438961424974609793e-15 1.062433542862057753e-14 1.849075995359648859e-14 2.796040150318438401e-14 4.004062192680741588e-14 5.266026305960515278e-14 8.524001649008482714e-17 5.903747929463527760e-16 2.058087118246781888e-15 5.462065886278483970e-15 1.123939762294175935e-14 1.970197297243173987e-14 2.849630522956216588e-14 3.953924919648696007e-14 5.133231365991233292e-14
1.209711548770727523e-16 9.242583502294378829e-16 3.027690566165485185e-15 7.920062725921282114e-15 1.570889775287819819e-14 2.786563759809004643e-14 4.289934009992376550e-14 6.244778295059009783e-14 8.312485571454227524e-14 1.200950891459495678e-16 8.345457422007405864e-16 2.941147522564637418e-15 7.826740476815967827e-15 1.568612281681334082e-14 2.849630522956216588e-14 4.390753910745437949e-14 6.252462210968772225e-14 8.200689709342407045e-14
1.635556657595517454e-16 1.283334837916346395e-15 4.204233630217845734e-15 1.106035546720891994e-14 2.218952379677824967e-14 3.994106731323570873e-14 6.256811767279709721e-14 9.276253878426869777e-14 1.253309453554593429e-13 1.635842901963938538e-16 1.150524936371872212e-15 4.086363774567692897e-15 1.087157348181381943e-14 2.174618517333287987e-14 3.953924919648696007e-14 6.252462210968772225e-14 9.319751886554323569e-14 1.245888361523167823e-13
2.067699483060766012e-16 1.643471416216131048e-15 5.389615522386550580e-15 1.427967027152764603e-14 2.889836993475145148e-14 5.257440888556953322e-14 8.340897165009374375e-14 1.255509345513535428e-13 1.720415481371181021e-13 2.128505908579253223e-16 1.475784161299721243e-15 5.242353592302687962e-15 1.402797835833099664e-14 2.827763073097399651e-14 5.133231365991233292e-14 8.200689709342407045e-14 1.245888361523167823e-13 1.713402650590809627e-13
