# Galaxy-kappa 2x2pt covariance.
# Using NaMaster Gaussian covariance.
# Using 20 ell bins for both gg and kg.
# with stacked data vector [Cgg,Ckg].
     1.423128931753967e-11    -2.630473855326029e-14    -1.000198862824926e-15    -6.099025689146593e-16    -3.705810821529089e-16    -2.542285289661922e-16    -1.879137642864760e-16    -1.478637259759940e-16    -1.221405139683336e-16    -1.039671361334866e-16    -9.035963955663306e-17    -8.073901367746414e-17    -7.290328547556515e-17    -6.606793443108374e-17    -5.978561380824662e-17    -5.441969062524394e-17    -4.998603822354270e-17    -4.594511928898524e-17    -4.227911219917142e-17    -3.897111104853368e-17     3.359513540918979e-14    -1.161875757744129e-16     3.969935006359094e-18     9.624517749678557e-19     6.145721034717134e-19     4.586446679736879e-19     3.011804436224735e-19     2.271526144495670e-19     2.027202308857857e-19     1.669181462149801e-19     1.488976627592178e-19     1.328139156484439e-19     1.174312049613656e-19     1.051514626175438e-19     8.989555616048325e-20     7.912878074019079e-20     7.086354767496891e-20     6.400374121947989e-20     5.804827878710225e-20     5.239610319652635e-20
    -2.630473855326031e-14     2.292132685284155e-13    -3.819716827889707e-15    -1.943894604292562e-16    -1.172142342124837e-16    -7.497531008769463e-17    -5.403195548122310e-17    -4.171566760669360e-17    -3.379209521006675e-17    -2.856679593178358e-17    -2.499244218000349e-17    -2.205673415357417e-17    -1.975149401403115e-17    -1.794965589299843e-17    -1.633798545646295e-17    -1.488769421879980e-17    -1.365067706960155e-17    -1.251400611503574e-17    -1.153231955637913e-17    -1.070008655922322e-17    -5.020826526139994e-16     4.648248521824000e-15    -7.842134259985899e-18     9.935554462267519e-19     3.992865831848442e-19     2.569612968765127e-19     1.920480968319389e-19     1.349300189436758e-19     1.066254339427112e-19     8.954619834180258e-20     7.537081569026583e-20     6.622070770452301e-20     5.767059518039699e-20     5.097645460669739e-20     4.548800929579578e-20     4.016909818810373e-20     3.611747829229960e-20     3.250153256129655e-20     2.956693010236522e-20     2.717132245091552e-20
    -1.000198862824925e-15    -3.819716827889708e-15     6.679049308937022e-14    -1.220103938473033e-15    -6.549439174926631e-17    -3.999908186772954e-17    -2.622764222482253e-17    -1.929764982098723e-17    -1.517664934557979e-17    -1.258216434024725e-17    -1.077930797320525e-17    -9.466698720183834e-18    -8.418747616005369e-18    -7.573541016986807e-18    -6.913055208315086e-18    -6.326160152365485e-18    -5.761453273163315e-18    -5.294799749497690e-18    -4.887057011885391e-18    -4.505518233681619e-18    -2.054788478172569e-17    -5.533394419194480e-17     1.233807299736739e-15    -3.401576996408899e-18     2.922291309619235e-19     1.477643608306129e-19     1.055246304434260e-19     8.287537595568831e-20     6.232144493772201e-20     5.112209558437427e-20     4.371300907646876e-20     3.723564783722981e-20     3.286510532885166e-20     2.893626993920681e-20     2.588732310490575e-20     2.335318434972949e-20     2.083894479214170e-20     1.889369822354832e-20     1.722531376596722e-20     1.572940836627782e-20
    -6.099025689146590e-16    -1.943894604292558e-16    -1.220103938473033e-15     2.688094558395520e-14    -4.845968550841144e-16    -2.917833747113740e-17    -1.775033340358632e-17    -1.178766842010560e-17    -8.807288690103084e-18    -7.003137623501423e-18    -5.833087790869023e-18    -5.028688286314723e-18    -4.432460790651521e-18    -3.959310395501829e-18    -3.579407262078656e-18    -3.263705589504828e-18    -2.990585653217788e-18    -2.739032412148696e-18    -2.518126455775421e-18    -2.320642492879857e-18    -1.332356484220218e-17    -3.383966662787883e-18    -1.456503853747681e-17     4.475890268453304e-16    -9.623074147442131e-19     1.140319249352678e-19     6.540903563929554e-20     4.991801522074343e-20     4.086447829647954e-20     3.228314590688212e-20     2.705377866639381e-20     2.347742085363842e-20     2.036449950747678e-20     1.816554858066322e-20     1.623076990420689e-20     1.461743091289946e-20     1.329003751710008e-20     1.203509495421379e-20     1.096262408003012e-20     1.001806714582499e-20
    -3.705810821529088e-16    -1.172142342124840e-16    -6.549439174926643e-17    -4.845968550841142e-16     1.335829348304492e-14    -2.560503528835547e-16    -1.581269014725989e-17    -9.720058198056491e-18    -6.514126951552225e-18    -4.885179851935939e-18    -3.902883267726794e-18    -3.260336400252046e-18    -2.819255638332116e-18    -2.493268520401213e-18    -2.225416791935840e-18    -2.013675900345462e-18    -1.842460296896332e-18    -1.687808636948791e-18    -1.543782178420484e-18    -1.416342414451439e-18    -8.339700552145910e-18    -2.257218378228435e-18    -8.874605340919058e-19    -4.457762187279525e-18     2.026706518548221e-16    -6.138302860968463e-19     4.734864434831216e-20     3.069465852741304e-20     2.522922617587118e-20     2.147846949764206e-20     1.764951841827302e-20     1.516770938334674e-20     1.341553117219061e-20     1.186369911987464e-20     1.067111830755504e-20     9.644681262882689e-21     8.801678808015632e-21     8.045681381891967e-21     7.319041482651221e-21     6.684892585530183e-21
    -2.542285289661925e-16    -7.497531008769463e-17    -3.999908186772963e-17    -2.917833747113740e-17    -2.560503528835541e-16     7.787489651146448e-15    -1.513559688069898e-16    -9.913342957273466e-18    -6.138470759181877e-18    -4.148054918832536e-18    -3.127188802921035e-18    -2.508612718459608e-18    -2.103737585090751e-18    -1.818792834189102e-18    -1.609913217480682e-18    -1.441580412166828e-18    -1.304116673420020e-18    -1.191332282782830e-18    -1.089085554413702e-18    -9.959414194529291e-19    -5.803761865475568e-18    -1.536433268188816e-18    -6.308567134986819e-19    -3.035725073054820e-19    -1.983648022898109e-18     1.068593935535441e-16    -3.349899144722817e-19     2.257190220476989e-20     1.569966989500348e-20     1.373295831543657e-20     1.210684031019728e-20     1.027838882632988e-20     9.053278985476644e-21     8.116585423247210e-21     7.283735784024514e-21     6.644064247015495e-21     6.057455656024268e-21     5.556137806023857e-21     5.095950526457359e-21     4.657084002132022e-21
    -1.879137642864761e-16    -5.403195548122315e-17    -2.622764222482252e-17    -1.775033340358634e-17    -1.581269014725996e-17    -1.513559688069899e-16     5.089065313051675e-15    -1.020538877284016e-16    -6.882900538009219e-18    -4.304647514681160e-18    -2.935537638489782e-18    -2.227472432945341e-18    -1.791479736630724e-18    -1.505785641747785e-18    -1.306367721059831e-18    -1.156826484957265e-18    -1.035091854750564e-18    -9.350794404828669e-19    -8.538954777345370e-19    -7.809016047269258e-19    -4.312466889371418e-18    -1.143461450316076e-18    -4.503575439276683e-19    -2.189463892036821e-19    -1.241825562344492e-19    -9.418217011537850e-19     6.413311831616942e-17    -2.318766789688683e-19     1.138728572887754e-20     8.553383830303196e-21     7.953899385844929e-21     7.275788810362326e-21     6.337786727005851e-21     5.697458546255566e-21     5.200369841284778e-21     4.720312216560805e-21     4.337361341835931e-21     3.978706235114674e-21     3.666813934308389e-21     3.379843702661039e-21
    -1.478637259759940e-16    -4.171566760669364e-17    -1.929764982098727e-17    -1.178766842010561e-17    -9.720058198056499e-18    -9.913342957273454e-18    -1.020538877284015e-16     3.587326845914685e-15    -7.329718145796538e-17    -5.099600410481974e-18    -3.223319786247542e-18    -2.215104278309962e-18    -1.690604982135626e-18    -1.366720820167897e-18    -1.151113239497227e-18    -9.992705215908733e-19    -8.846892163637551e-19    -7.919905634972093e-19    -7.159391905408177e-19    -6.541069054976492e-19    -3.405543140494445e-18    -8.976079708139770e-19    -3.493659134354040e-19    -1.627585117492566e-19    -9.381101404197181e-20    -5.952030178256616e-20    -5.509895557797119e-19     4.162459294297620e-17    -1.645126750479821e-19     5.832239969208554e-21     4.725205818108827e-21     4.701635998421343e-21     4.466044520380183e-21     4.006748022787589e-21     3.669989579501063e-21     3.389365225656730e-21     3.104405663595912e-21     2.873155655644443e-21     2.654598074988993e-21     2.462472159496436e-21
    -1.221405139683336e-16    -3.379209521006673e-17    -1.517664934557979e-17    -8.807288690103082e-18    -6.514126951552232e-18    -6.138470759181893e-18    -6.882900538009212e-18    -7.329718145796546e-17     2.702746226668559e-15    -5.615587679056306e-17    -3.995484930149320e-18    -2.550382331080234e-18    -1.769171015544891e-18    -1.357172977654601e-18    -1.100252561032572e-18    -9.283401298878474e-19    -8.075648951851153e-19    -7.162405389673660e-19    -6.418937616136210e-19    -5.812506407050270e-19    -2.818787332708716e-18    -7.349667738102143e-19    -2.825573712462337e-19    -1.303929606362902e-19    -7.109001944288853e-20    -4.519525937535635e-20    -3.215873778567454e-20    -3.380434842485654e-19     2.924094445347515e-17    -1.244190084161849e-19     3.104414820478007e-21     2.696205108836569e-21     2.905947436373373e-21     2.868190577188662e-21     2.632048588374168e-21     2.446956939638816e-21     2.282352136777413e-21     2.109041722622776e-21     1.969124697298421e-21     1.835091937836275e-21
    -1.039671361334866e-16    -2.856679593178358e-17    -1.258216434024727e-17    -7.003137623501426e-18    -4.885179851935936e-18    -4.148054918832525e-18    -4.304647514681155e-18    -5.099600410481984e-18    -5.615587679056299e-17     2.124830388060750e-15    -4.476656091821908e-17    -3.247778397047674e-18    -2.091474721062764e-18    -1.459765917214286e-18    -1.124128470725780e-18    -9.147683317107422e-19    -7.745720812176753e-19    -6.754551038046140e-19    -6.003288464938729e-19    -5.375613440248324e-19    -2.401842847892212e-18    -6.254150506535961e-19    -2.388960289238762e-19    -1.082700033848069e-19    -5.808727872397765e-20    -3.492980985784927e-20    -2.497671200181481e-20    -1.876460461030410e-20    -2.305749192228385e-19     2.161330509862758e-17    -9.836664600380761e-20     1.531347697185776e-21     1.482884231316851e-21     1.791428587061711e-21     1.852243402224491e-21     1.735992890777548e-21     1.638692076539899e-21     1.547958616774286e-21     1.447121894020867e-21     1.360402807804632e-21
    -9.035963955663307e-17    -2.499244218000351e-17    -1.077930797320526e-17    -5.833087790869027e-18    -3.902883267726791e-18    -3.127188802921036e-18    -2.935537638489780e-18    -3.223319786247542e-18    -3.995484930149325e-18    -4.476656091821911e-17     1.733153860269042e-15    -3.694125115109910e-17    -2.721179618309308e-18    -1.763506163654108e-18    -1.237752535025196e-18    -9.581069382926385e-19    -7.831411423552384e-19    -6.655547095357571e-19    -5.804658139495449e-19    -5.155487820935477e-19    -2.088312635120133e-18    -5.491052907016025e-19    -2.074565184773227e-19    -9.291858286558145e-20    -4.901432690449850e-20    -2.896186258459568e-20    -1.943235824290542e-20    -1.468750138857922e-20    -1.196908371673286e-20    -1.655058704655216e-19     1.673136624566065e-17    -8.047979592938446e-20     6.370152728828985e-22     7.674436901721070e-22     1.102020536265097e-21     1.200803846027858e-21     1.151316273826739e-21     1.108596800459524e-21     1.061036202537447e-21     9.989693543977932e-22
    -8.073901367746419e-17    -2.205673415357413e-17    -9.466698720183838e-18    -5.028688286314726e-18    -3.260336400252040e-18    -2.508612718459606e-18    -2.227472432945339e-18    -2.215104278309963e-18    -2.550382331080236e-18    -3.247778397047673e-18    -3.694125115109915e-17     1.454352058472293e-15    -3.129441290156702e-17    -2.331533397539363e-18    -1.519917367523083e-18    -1.073250379557062e-18    -8.354419206561212e-19    -6.844504887220777e-19    -5.818840389538973e-19    -5.079061600945997e-19    -1.866092662082435e-18    -4.861687105157883e-19    -1.837436584893657e-19    -8.182639781260711e-20    -4.259808325145077e-20    -2.475198246732129e-20    -1.625257019881526e-20    -1.145947756713810e-20    -9.412390785876478e-21    -7.994498999646906e-21    -1.250223333885509e-19     1.344850607819413e-17    -6.768366487032828e-20     1.274379487187020e-22     3.327288110667376e-22     6.560785723706051e-22     7.695163795061440e-22     7.592573669825631e-22     7.474175998524049e-22     7.273806390371638e-22
    -7.290328547556520e-17    -1.975149401403116e-17    -8.418747616005358e-18    -4.432460790651517e-18    -2.819255638332121e-18    -2.103737585090750e-18    -1.791479736630724e-18    -1.690604982135628e-18    -1.769171015544889e-18    -2.091474721062765e-18    -2.721179618309311e-18    -3.129441290156704e-17     1.249374010091896e-15    -2.707063401038900e-17    -2.035697506087156e-18    -1.335606007413458e-18    -9.477654763522236e-19    -7.396986888695028e-19    -6.069589903811078e-19    -5.164533640908185e-19    -1.685277553303790e-18    -4.360891246509644e-19    -1.644240344528777e-19    -7.319609836864024e-20    -3.790685363943331e-20    -2.174219311000403e-20    -1.398328258349027e-20    -9.629765486880041e-21    -7.325212072749320e-21    -6.306987534564649e-21    -5.614604324379681e-21    -9.839327458168151e-20     1.115015814811080e-17    -5.810105686880186e-20    -1.647174501136366e-22     5.395861884589109e-23     3.550374979640715e-22     4.737811840016773e-22     4.910354376989623e-22     4.996795044360698e-22
    -6.606793443108375e-17    -1.794965589299843e-17    -7.573541016986811e-18    -3.959310395501837e-18    -2.493268520401214e-18    -1.818792834189100e-18    -1.505785641747784e-18    -1.366720820167893e-18    -1.357172977654601e-18    -1.459765917214282e-18    -1.763506163654104e-18    -2.331533397539371e-18    -2.707063401038893e-17     1.091633400117293e-15    -2.379944004392694e-17    -1.803991445880877e-18    -1.189427484064925e-18    -8.470361007936550e-19    -6.621337383218543e-19    -5.442495782606036e-19    -1.527073655965262e-18    -3.966564024615232e-19    -1.485672523564466e-19    -6.610476717530680e-20    -3.423290160139242e-20    -1.948372002010336e-20    -1.236838573814221e-20    -8.349887145089948e-21    -6.169615154244500e-21    -4.888513246046063e-21    -4.443312872146601e-21    -4.133246259527044e-21    -8.025060193572433e-20     9.468573932853672e-18    -5.094277390705196e-20    -3.661104374450040e-22    -1.465727294264779e-22     1.421156719634276e-22     2.682775423181925e-22     3.027287143017834e-22
    -5.978561380824660e-17    -1.633798545646295e-17    -6.913055208315087e-18    -3.579407262078663e-18    -2.225416791935835e-18    -1.609913217480681e-18    -1.306367721059834e-18    -1.151113239497227e-18    -1.100252561032571e-18    -1.124128470725781e-18    -1.237752535025197e-18    -1.519917367523081e-18    -2.035697506087152e-18    -2.379944004392690e-17     9.670423409078280e-16    -2.121455897137385e-17    -1.618469598979837e-18    -1.070759536095407e-18    -7.641971523542914e-19    -5.988929830413199e-19    -1.381420424132859e-18    -3.612452217605365e-19    -1.359988089150848e-19    -6.022432180314193e-20    -3.105745298116570e-20    -1.770757526827382e-20    -1.116340489690407e-20    -7.423040508805043e-21    -5.364334633369011e-21    -4.109290756474285e-21    -3.417007440728469e-21    -3.269867493908653e-21    -3.167336263088608e-21    -6.729241648332490e-20     8.207006179345762e-18    -4.557515487167775e-20    -5.173922464407779e-22    -2.853511154905366e-22    -3.171125387157666e-24     1.251793243236393e-22
    -5.441969062524395e-17    -1.488769421879980e-17    -6.326160152365484e-18    -3.263705589504830e-18    -2.013675900345462e-18    -1.441580412166829e-18    -1.156826484957263e-18    -9.992705215908719e-19    -9.283401298878486e-19    -9.147683317107418e-19    -9.581069382926385e-19    -1.073250379557067e-18    -1.335606007413454e-18    -1.803991445880878e-18    -2.121455897137384e-17     8.684379732032721e-16    -1.915490547427951e-17    -1.468209467362017e-18    -9.737712368612544e-19    -6.969405492642547e-19    -1.257299342486240e-18    -3.291868954909825e-19    -1.247046524247646e-19    -5.523656592775823e-20    -2.841118791088232e-20    -1.616517405996992e-20    -1.017712262579144e-20    -6.710165321787106e-21    -4.763503549275864e-21    -3.567144171167672e-21    -2.849645734428584e-21    -2.473898158963841e-21    -2.483628405349424e-21    -2.473758142884485e-21    -5.759166103379625e-20     7.257066671241606e-18    -4.140707420396040e-20    -6.076819988744747e-22    -3.658629077713462e-22    -9.506790479982917e-23
    -4.998603822354275e-17    -1.365067706960154e-17    -5.761453273163313e-18    -2.990585653217791e-18    -1.842460296896333e-18    -1.304116673420020e-18    -1.035091854750559e-18    -8.846892163637561e-19    -8.075648951851180e-19    -7.745720812176773e-19    -7.831411423552382e-19    -8.354419206561231e-19    -9.477654763522246e-19    -1.189427484064923e-18    -1.618469598979839e-18    -1.915490547427954e-17     7.897952296626158e-16    -1.748386413466969e-17    -1.344940418109224e-18    -8.938447906315377e-19    -1.154590039522196e-18    -3.018972018630683e-19    -1.137353536910800e-19    -5.081288337050858e-20    -2.620102120989791e-20    -1.482054802567966e-20    -9.295068644984348e-21    -6.114778681905622e-21    -4.302253503953831e-21    -3.158191365699432e-21    -2.458743846417132e-21    -2.035626492360122e-21    -1.837974291278022e-21    -1.920497980776933e-21    -1.957903960113900e-21    -5.028370206370047e-20     6.533252585579265e-18    -3.800232682989003e-20    -6.412631685487305e-22    -4.049030373493764e-22
    -4.594511928898525e-17    -1.251400611503573e-17    -5.294799749497687e-18    -2.739032412148697e-18    -1.687808636948790e-18    -1.191332282782830e-18    -9.350794404828680e-19    -7.919905634972110e-19    -7.162405389673670e-19    -6.754551038046143e-19    -6.655547095357561e-19    -6.844504887220759e-19    -7.396986888695046e-19    -8.470361007936547e-19    -1.070759536095409e-18    -1.468209467362019e-18    -1.748386413466972e-17     7.247456911903452e-16    -1.607851469263055e-17    -1.239836718835833e-18    -1.061019610680668e-18    -2.768131338465945e-19    -1.045985209002323e-19    -4.664389593533468e-20    -2.415330751556064e-20    -1.367764689774332e-20    -8.520729587623118e-21    -5.591346685513146e-21    -3.923479560495964e-21    -2.848610192496322e-21    -2.169105070632793e-21    -1.744307732366942e-21    -1.491509524343225e-21    -1.391303464905920e-21    -1.512482735712718e-21    -1.593351145114512e-21    -4.481005505878353e-20     5.961826447449091e-18    -3.513916718023717e-20    -6.474024943334827e-22
    -4.227911219917141e-17    -1.153231955637913e-17    -4.887057011885391e-18    -2.518126455775421e-18    -1.543782178420487e-18    -1.089085554413702e-18    -8.538954777345362e-19    -7.159391905408197e-19    -6.418937616136227e-19    -6.003288464938742e-19    -5.804658139495464e-19    -5.818840389538973e-19    -6.069589903811062e-19    -6.621337383218559e-19    -7.641971523542909e-19    -9.737712368612529e-19    -1.344940418109225e-18    -1.607851469263055e-17     6.686231136955273e-16    -1.486743649930922e-17    -9.761213978764677e-19    -2.550233288116292e-19    -9.657597637762649e-20    -4.298055678028303e-20    -2.218587139760157e-20    -1.261386732949344e-20    -7.879779040788238e-21    -5.137607327077689e-21    -3.592420105235861e-21    -2.601771417911254e-21    -1.952792701629192e-21    -1.533334461047217e-21    -1.271600996599532e-21    -1.114748185094993e-21    -1.075492090795578e-21    -1.230194683036136e-21    -1.348195474087931e-21    -4.061135175805732e-20     5.492417697836337e-18    -3.278865368547655e-20
    -3.897111104853363e-17    -1.070008655922322e-17    -4.505518233681619e-18    -2.320642492879855e-18    -1.416342414451441e-18    -9.959414194529303e-19    -7.809016047269249e-19    -6.541069054976490e-19    -5.812506407050275e-19    -5.375613440248307e-19    -5.155487820935488e-19    -5.079061600945990e-19    -5.164533640908173e-19    -5.442495782606055e-19    -5.988929830413201e-19    -6.969405492642537e-19    -8.938447906315398e-19    -1.239836718835830e-18    -1.486743649930922e-17     6.197207020828728e-16    -8.994473235195873e-19    -2.364420629618044e-19    -8.908122583099128e-20    -3.967189355659933e-20    -2.043582651161666e-20    -1.160711652078955e-20    -7.284057285834059e-21    -4.759743884190937e-21    -3.306184124837900e-21    -2.379041783932570e-21    -1.781297894048963e-21    -1.376173921361208e-21    -1.111034875568999e-21    -9.437687895058260e-22    -8.493090882548784e-22    -8.572973152805582e-22    -1.035892152606522e-21    -1.172728361363250e-21    -3.724235606581448e-20     5.101583663261949e-18
     3.359513540918979e-14    -5.020826526139994e-16    -2.054788478172569e-17    -1.332356484220218e-17    -8.339700552145910e-18    -5.803761865475568e-18    -4.312466889371418e-18    -3.405543140494445e-18    -2.818787332708716e-18    -2.401842847892212e-18    -2.088312635120133e-18    -1.866092662082435e-18    -1.685277553303790e-18    -1.527073655965262e-18    -1.381420424132859e-18    -1.257299342486240e-18    -1.154590039522196e-18    -1.061019610680668e-18    -9.761213978764677e-19    -8.994473235195873e-19     8.962075709179970e-15    -4.501058656334959e-17     8.608894331582967e-20    -8.602486588164609e-20    -2.045351045792136e-20    -2.816063783453371e-21    -3.534208988502690e-21    -8.351869783994391e-21    -4.527518776061043e-21    -4.452442399734220e-21    -3.280689598588557e-21    -3.142343307540231e-21    -2.938234696792813e-21    -9.844422070268014e-22     1.171336352116977e-22     3.163195829637049e-22     6.187259401681282e-22     9.135544673362656e-22     1.219816896370524e-21     1.304873390568735e-21
    -1.161875757744129e-16     4.648248521824000e-15    -5.533394419194480e-17    -3.383966662787883e-18    -2.257218378228435e-18    -1.536433268188816e-18    -1.143461450316076e-18    -8.976079708139770e-19    -7.349667738102143e-19    -6.254150506535961e-19    -5.491052907016025e-19    -4.861687105157883e-19    -4.360891246509644e-19    -3.966564024615232e-19    -3.612452217605365e-19    -3.291868954909825e-19    -3.018972018630683e-19    -2.768131338465945e-19    -2.550233288116292e-19    -2.364420629618044e-19    -4.501058656334968e-17     2.271459492065322e-15    -1.112123841654218e-17    -1.235920339657117e-20    -3.363922711938290e-20    -9.772289038027180e-21    -3.272722407783163e-21    -3.713632551869573e-21    -3.268598202277758e-21    -2.531249852385917e-21    -2.504784520656447e-21    -1.774252677810523e-21    -1.334224558450939e-21    -1.059820603489325e-21    -4.505779851643049e-22     1.485573191368647e-22     3.307837446282465e-22     4.900524205114470e-22     5.928640031777424e-22     6.580151669750489e-22
     3.969935006359094e-18    -7.842134259985899e-18     1.233807299736739e-15    -1.456503853747681e-17    -8.874605340919058e-19    -6.308567134986819e-19    -4.503575439276683e-19    -3.493659134354040e-19    -2.825573712462337e-19    -2.388960289238762e-19    -2.074565184773227e-19    -1.837436584893657e-19    -1.644240344528777e-19    -1.485672523564466e-19    -1.359988089150848e-19    -1.247046524247646e-19    -1.137353536910800e-19    -1.045985209002323e-19    -9.657597637762649e-20    -8.908122583099128e-20     8.608894331582911e-20    -1.112123841654217e-17     1.020130636016208e-15    -5.654560273492166e-18    -3.244100688298968e-20    -2.883382989182280e-20    -1.121136122294359e-20    -4.021203459852123e-21    -3.488077280087013e-21    -2.631867789000128e-21    -1.679965413094794e-21    -1.374409418571203e-21    -8.665264439414862e-22    -6.742242922152469e-22    -4.632149608958219e-22    -9.516540266719647e-23     2.213985226294290e-22     2.855744821116280e-22     3.394782317288211e-22     3.842639767545131e-22
     9.624517749678557e-19     9.935554462267519e-19    -3.401576996408899e-18     4.475890268453304e-16    -4.457762187279525e-18    -3.035725073054820e-19    -2.189463892036821e-19    -1.627585117492566e-19    -1.303929606362902e-19    -1.082700033848069e-19    -9.291858286558145e-20    -8.182639781260711e-20    -7.319609836864024e-20    -6.610476717530680e-20    -6.022432180314193e-20    -5.523656592775823e-20    -5.081288337050858e-20    -4.664389593533468e-20    -4.298055678028303e-20    -3.967189355659933e-20    -8.602486588164672e-20    -1.235920339657141e-20    -5.654560273492157e-18     6.424489736619372e-16    -3.623050996369866e-18    -3.570889903557095e-20    -2.542779687155056e-20    -1.074227455392637e-20    -4.134175674659934e-21    -3.115815892831195e-21    -2.010012683659952e-21    -1.201158176926508e-21    -9.676771586763984e-22    -5.054943603754896e-22    -3.360613567754260e-22    -1.998417013590838e-22     1.878217299176078e-23     1.940769398563843e-22     2.258882296175395e-22     2.271914684409832e-22
     6.145721034717134e-19     3.992865831848442e-19     2.922291309619235e-19    -9.623074147442131e-19     2.026706518548221e-16    -1.983648022898109e-18    -1.241825562344492e-19    -9.381101404197181e-20    -7.109001944288853e-20    -5.808727872397765e-20    -4.901432690449850e-20    -4.259808325145077e-20    -3.790685363943331e-20    -3.423290160139242e-20    -3.105745298116570e-20    -2.841118791088232e-20    -2.620102120989791e-20    -2.415330751556064e-20    -2.218587139760157e-20    -2.043582651161666e-20    -2.045351045792181e-20    -3.363922711938250e-20    -3.244100688298991e-20    -3.623050996369859e-18     4.825254884638872e-16    -2.806925181566524e-18    -3.352768503659507e-20    -2.310651841550856e-20    -9.972725341247508e-21    -3.796669958466240e-21    -2.838920000355733e-21    -1.799943074864999e-21    -9.825164303249429e-22    -7.294955472846973e-22    -3.089900300938276e-22    -2.019388114847286e-22    -1.129731659352005e-22     5.475541033421871e-23     1.513560196702993e-22     1.624463634089054e-22
     4.586446679736879e-19     2.569612968765127e-19     1.477643608306129e-19     1.140319249352678e-19    -6.138302860968463e-19     1.068593935535441e-16    -9.418217011537850e-19    -5.952030178256616e-20    -4.519525937535635e-20    -3.492980985784927e-20    -2.896186258459568e-20    -2.475198246732129e-20    -2.174219311000403e-20    -1.948372002010336e-20    -1.770757526827382e-20    -1.616517405996992e-20    -1.482054802567966e-20    -1.367764689774332e-20    -1.261386732949344e-20    -1.160711652078955e-20    -2.816063783453186e-21    -9.772289038027118e-21    -2.883382989182278e-20    -3.570889903557091e-20    -2.806925181566525e-18     3.860481499611105e-16    -2.227481066425239e-18    -2.920237158172794e-20    -2.004828774099076e-20    -8.888355483235696e-21    -3.478836836314835e-21    -2.587836198205622e-21    -1.574373805178495e-21    -8.210045100872948e-22    -6.031609236358557e-22    -2.387896829877786e-22    -1.568139375410857e-22    -9.684965001907569e-23     4.148992183023766e-23     1.171198231238435e-22
     3.011804436224735e-19     1.920480968319389e-19     1.055246304434260e-19     6.540903563929554e-20     4.734864434831216e-20    -3.349899144722817e-19     6.413311831616942e-17    -5.509895557797119e-19    -3.215873778567454e-20    -2.497671200181481e-20    -1.943235824290542e-20    -1.625257019881526e-20    -1.398328258349027e-20    -1.236838573814221e-20    -1.116340489690407e-20    -1.017712262579144e-20    -9.295068644984348e-21    -8.520729587623118e-21    -7.879779040788238e-21    -7.284057285834059e-21    -3.534208988502701e-21    -3.272722407783214e-21    -1.121136122294356e-20    -2.542779687155041e-20    -3.352768503659491e-20    -2.227481066425247e-18     3.075191970344678e-16    -1.787468971533784e-18    -2.441827025815379e-20    -1.708931647175484e-20    -7.738534685146726e-21    -3.059648125687875e-21    -2.269139867611695e-21    -1.372687724853549e-21    -7.069924535369363e-22    -5.255982373314264e-22    -2.173883668852387e-22    -1.524364356997160e-22    -9.363034730777262e-23     3.059196100088229e-23
     2.271526144495670e-19     1.349300189436758e-19     8.287537595568831e-20     4.991801522074343e-20     3.069465852741304e-20     2.257190220476989e-20    -2.318766789688683e-19     4.162459294297620e-17    -3.380434842485654e-19    -1.876460461030410e-20    -1.468750138857922e-20    -1.145947756713810e-20    -9.629765486880041e-21    -8.349887145089948e-21    -7.423040508805043e-21    -6.710165321787106e-21    -6.114778681905622e-21    -5.591346685513146e-21    -5.137607327077689e-21    -4.759743884190937e-21    -8.351869783994404e-21    -3.713632551869583e-21    -4.021203459852109e-21    -1.074227455392633e-20    -2.310651841550856e-20    -2.920237158172809e-20    -1.787468971533778e-18     2.438706281222598e-16    -1.446532451241405e-18    -2.045471066440138e-20    -1.455041807765538e-20    -6.690594831297391e-21    -2.666674038947803e-21    -1.978290903534760e-21    -1.193081360880552e-21    -6.299516458162826e-22    -4.794559619922968e-22    -2.055734033026871e-22    -1.460308032458775e-22    -8.879115199480794e-23
     2.027202308857857e-19     1.066254339427112e-19     6.232144493772201e-20     4.086447829647954e-20     2.522922617587118e-20     1.569966989500348e-20     1.138728572887754e-20    -1.645126750479821e-19     2.924094445347515e-17    -2.305749192228385e-19    -1.196908371673286e-20    -9.412390785876478e-21    -7.325212072749320e-21    -6.169615154244500e-21    -5.364334633369011e-21    -4.763503549275864e-21    -4.302253503953831e-21    -3.923479560495964e-21    -3.592420105235861e-21    -3.306184124837900e-21    -4.527518776061053e-21    -3.268598202277762e-21    -3.488077280087011e-21    -4.134175674659916e-21    -9.972725341247545e-21    -2.004828774099078e-20    -2.441827025815384e-20    -1.446532451241410e-18     2.006455235162029e-16    -1.222522626574817e-18    -1.786234757411443e-20    -1.283281987309413e-20    -5.925473540629908e-21    -2.369810576450235e-21    -1.764856318480899e-21    -1.078612674103497e-21    -5.790503479918656e-22    -4.464910310171636e-22    -1.936025811575769e-22    -1.350307508714658e-22
     1.669181462149801e-19     8.954619834180258e-20     5.112209558437427e-20     3.228314590688212e-20     2.147846949764206e-20     1.373295831543657e-20     8.553383830303196e-21     5.832239969208554e-21    -1.244190084161849e-19     2.161330509862758e-17    -1.655058704655216e-19    -7.994498999646906e-21    -6.306987534564649e-21    -4.888513246046063e-21    -4.109290756474285e-21    -3.567144171167672e-21    -3.158191365699432e-21    -2.848610192496322e-21    -2.601771417911254e-21    -2.379041783932570e-21    -4.452442399734222e-21    -2.531249852385919e-21    -2.631867789000137e-21    -3.115815892831211e-21    -3.796669958466245e-21    -8.888355483235690e-21    -1.708931647175483e-20    -2.045471066440126e-20    -1.222522626574815e-18     1.743837491775303e-16    -1.083698976830344e-18    -1.637424975317946e-20    -1.169994771687411e-20    -5.412067014275407e-21    -2.173365178577712e-21    -1.635112451868417e-21    -1.010575422718358e-21    -5.493164747832144e-22    -4.205022212433358e-22    -1.813784156728009e-22
     1.488976627592178e-19     7.537081569026583e-20     4.371300907646876e-20     2.705377866639381e-20     1.764951841827302e-20     1.210684031019728e-20     7.953899385844929e-21     4.725205818108827e-21     3.104414820478007e-21    -9.836664600380761e-20     1.673136624566065e-17    -1.250223333885509e-19    -5.614604324379681e-21    -4.443312872146601e-21    -3.417007440728469e-21    -2.849645734428584e-21    -2.458743846417132e-21    -2.169105070632793e-21    -1.952792701629192e-21    -1.781297894048963e-21    -3.280689598588555e-21    -2.504784520656446e-21    -1.679965413094795e-21    -2.010012683659953e-21    -2.838920000355727e-21    -3.478836836314847e-21    -7.738534685146741e-21    -1.455041807765535e-20    -1.786234757411437e-20    -1.083698976830343e-18     1.602431254407091e-16    -1.007819907339721e-18    -1.546183047475413e-20    -1.097098187540370e-20    -5.078186203801226e-21    -2.065925077185774e-21    -1.570871135270196e-21    -9.779431387189405e-22    -5.309004550099304e-22    -4.038899783700775e-22
     1.328139156484439e-19     6.622070770452301e-20     3.723564783722981e-20     2.347742085363842e-20     1.516770938334674e-20     1.027838882632988e-20     7.275788810362326e-21     4.701635998421343e-21     2.696205108836569e-21     1.531347697185776e-21    -8.047979592938446e-20     1.344850607819413e-17    -9.839327458168151e-20    -4.133246259527044e-21    -3.269867493908653e-21    -2.473898158963841e-21    -2.035626492360122e-21    -1.744307732366942e-21    -1.533334461047217e-21    -1.376173921361208e-21    -3.142343307540245e-21    -1.774252677810524e-21    -1.374409418571205e-21    -1.201158176926507e-21    -1.799943074865002e-21    -2.587836198205631e-21    -3.059648125687878e-21    -6.690594831297401e-21    -1.283281987309413e-20    -1.637424975317950e-20    -1.007819907339721e-18     1.521580974034424e-16    -9.527062530559431e-19    -1.474229411439039e-20    -1.042316712282298e-20    -4.880751939389899e-21    -2.010199370666404e-21    -1.542344292260210e-21    -9.583551043635096e-22    -5.186020894081776e-22
     1.174312049613656e-19     5.767059518039699e-20     3.286510532885166e-20     2.036449950747678e-20     1.341553117219061e-20     9.053278985476644e-21     6.337786727005851e-21     4.466044520380183e-21     2.905947436373373e-21     1.482884231316851e-21     6.370152728828985e-22    -6.768366487032828e-20     1.115015814811080e-17    -8.025060193572433e-20    -3.167336263088608e-21    -2.483628405349424e-21    -1.837974291278022e-21    -1.491509524343225e-21    -1.271600996599532e-21    -1.111034875568999e-21    -2.938234696792811e-21    -1.334224558450944e-21    -8.665264439414874e-22    -9.676771586763991e-22    -9.825164303249436e-22    -1.574373805178500e-21    -2.269139867611688e-21    -2.666674038947799e-21    -5.925473540629883e-21    -1.169994771687409e-20    -1.546183047475411e-20    -9.527062530559427e-19     1.445444592748373e-16    -9.034653632071879e-19    -1.396273041068314e-20    -9.979191061539700e-21    -4.730318924943339e-21    -1.970156064290445e-21    -1.510700515672367e-21    -9.365560284526742e-22
     1.051514626175438e-19     5.097645460669739e-20     2.893626993920681e-20     1.816554858066322e-20     1.186369911987464e-20     8.116585423247210e-21     5.697458546255566e-21     4.006748022787589e-21     2.868190577188662e-21     1.791428587061711e-21     7.674436901721070e-22     1.274379487187020e-22    -5.810105686880186e-20     9.468573932853672e-18    -6.729241648332490e-20    -2.473758142884485e-21    -1.920497980776933e-21    -1.391303464905920e-21    -1.114748185094993e-21    -9.437687895058260e-22    -9.844422070268029e-22    -1.059820603489322e-21    -6.742242922152454e-22    -5.054943603754916e-22    -7.294955472846982e-22    -8.210045100872952e-22    -1.372687724853553e-21    -1.978290903534759e-21    -2.369810576450230e-21    -5.412067014275406e-21    -1.097098187540368e-20    -1.474229411439038e-20    -9.034653632071924e-19     1.362024150168770e-16    -8.504619027263496e-19    -1.328027372908866e-20    -9.599976131827117e-21    -4.599653119539448e-21    -1.917765242795999e-21    -1.467484759459887e-21
     8.989555616048325e-20     4.548800929579578e-20     2.588732310490575e-20     1.623076990420689e-20     1.067111830755504e-20     7.283735784024514e-21     5.200369841284778e-21     3.669989579501063e-21     2.632048588374168e-21     1.852243402224491e-21     1.102020536265097e-21     3.327288110667376e-22    -1.647174501136366e-22    -5.094277390705196e-20     8.207006179345762e-18    -5.759166103379625e-20    -1.957903960113900e-21    -1.512482735712718e-21    -1.075492090795578e-21    -8.493090882548784e-22     1.171336352116989e-22    -4.505779851642993e-22    -4.632149608958245e-22    -3.360613567754286e-22    -3.089900300938269e-22    -6.031609236358560e-22    -7.069924535369362e-22    -1.193081360880551e-21    -1.764856318480896e-21    -2.173365178577706e-21    -5.078186203801211e-21    -1.042316712282297e-20    -1.396273041068308e-20    -8.504619027263482e-19     1.275044770380868e-16    -8.034848560266625e-19    -1.271548731245387e-20    -9.281091289495965e-21    -4.448224099610936e-21    -1.854419664468409e-21
     7.912878074019079e-20     4.016909818810373e-20     2.335318434972949e-20     1.461743091289946e-20     9.644681262882689e-21     6.644064247015495e-21     4.720312216560805e-21     3.389365225656730e-21     2.446956939638816e-21     1.735992890777548e-21     1.200803846027858e-21     6.560785723706051e-22     5.395861884589109e-23    -3.661104374450040e-22    -4.557515487167775e-20     7.257066671241606e-18    -5.028370206370047e-20    -1.593351145114512e-21    -1.230194683036136e-21    -8.572973152805582e-22     3.163195829637056e-22     1.485573191368638e-22    -9.516540266719750e-23    -1.998417013590861e-22    -2.019388114847280e-22    -2.387896829877785e-22    -5.255982373314266e-22    -6.299516458162824e-22    -1.078612674103496e-21    -1.635112451868416e-21    -2.065925077185773e-21    -4.880751939389911e-21    -9.979191061539677e-21    -1.328027372908860e-20    -8.034848560266609e-19     1.216497949376805e-16    -7.753800913000670e-19    -1.239874228132495e-20    -9.050108257317408e-21    -4.334299407776656e-21
     7.086354767496891e-20     3.611747829229960e-20     2.083894479214170e-20     1.329003751710008e-20     8.801678808015632e-21     6.057455656024268e-21     4.337361341835931e-21     3.104405663595912e-21     2.282352136777413e-21     1.638692076539899e-21     1.151316273826739e-21     7.695163795061440e-22     3.550374979640715e-22    -1.465727294264779e-22    -5.173922464407779e-22    -4.140707420396040e-20     6.533252585579265e-18    -4.481005505878353e-20    -1.348195474087931e-21    -1.035892152606522e-21     6.187259401681279e-22     3.307837446282456e-22     2.213985226294292e-22     1.878217299176089e-23    -1.129731659352008e-22    -1.568139375410848e-22    -2.173883668852380e-22    -4.794559619922972e-22    -5.790503479918660e-22    -1.010575422718357e-21    -1.570871135270199e-21    -2.010199370666407e-21    -4.730318924943345e-21    -9.599976131827084e-21    -1.271548731245385e-20    -7.753800913000687e-19     1.186304936694181e-16    -7.645026086542682e-19    -1.223744507453325e-20    -8.899402436820335e-21
     6.400374121947989e-20     3.250153256129655e-20     1.889369822354832e-20     1.203509495421379e-20     8.045681381891967e-21     5.556137806023857e-21     3.978706235114674e-21     2.873155655644443e-21     2.109041722622776e-21     1.547958616774286e-21     1.108596800459524e-21     7.592573669825631e-22     4.737811840016773e-22     1.421156719634276e-22    -2.853511154905366e-22    -6.076819988744747e-22    -3.800232682989003e-20     5.961826447449091e-18    -4.061135175805732e-20    -1.172728361363250e-21     9.135544673362662e-22     4.900524205114472e-22     2.855744821116280e-22     1.940769398563842e-22     5.475541033421717e-23    -9.684965001907579e-23    -1.524364356997146e-22    -2.055734033026871e-22    -4.464910310171637e-22    -5.493164747832135e-22    -9.779431387189405e-22    -1.542344292260208e-21    -1.970156064290442e-21    -4.599653119539441e-21    -9.281091289495973e-21    -1.239874228132499e-20    -7.645026086542684e-19     1.179021459727161e-16    -7.554220009159808e-19    -1.216454915637861e-20
     5.804827878710225e-20     2.956693010236522e-20     1.722531376596722e-20     1.096262408003012e-20     7.319041482651221e-21     5.095950526457359e-21     3.666813934308389e-21     2.654598074988993e-21     1.969124697298421e-21     1.447121894020867e-21     1.061036202537447e-21     7.474175998524049e-22     4.910354376989623e-22     2.682775423181925e-22    -3.171125387157666e-24    -3.658629077713462e-22    -6.412631685487305e-22    -3.513916718023717e-20     5.492417697836337e-18    -3.724235606581448e-20     1.219816896370525e-21     5.928640031777423e-22     3.394782317288210e-22     2.258882296175395e-22     1.513560196702995e-22     4.148992183023681e-23    -9.363034730777339e-23    -1.460308032458773e-22    -1.936025811575772e-22    -4.205022212433358e-22    -5.309004550099305e-22    -9.583551043635085e-22    -1.510700515672368e-21    -1.917765242795993e-21    -4.448224099610927e-21    -9.050108257317414e-21    -1.223744507453323e-20    -7.554220009159799e-19     1.172425250262148e-16    -7.509231506469257e-19
     5.239610319652635e-20     2.717132245091552e-20     1.572940836627782e-20     1.001806714582499e-20     6.684892585530183e-21     4.657084002132022e-21     3.379843702661039e-21     2.462472159496436e-21     1.835091937836275e-21     1.360402807804632e-21     9.989693543977932e-22     7.273806390371638e-22     4.996795044360698e-22     3.027287143017834e-22     1.251793243236393e-22    -9.506790479982917e-23    -4.049030373493764e-22    -6.474024943334827e-22    -3.278865368547655e-20     5.101583663261949e-18     1.304873390568737e-21     6.580151669750494e-22     3.842639767545129e-22     2.271914684409832e-22     1.624463634089055e-22     1.171198231238432e-22     3.059196100088259e-23    -8.879115199480748e-23    -1.350307508714655e-22    -1.813784156728001e-22    -4.038899783700775e-22    -5.186020894081776e-22    -9.365560284526721e-22    -1.467484759459885e-21    -1.854419664468406e-21    -4.334299407776650e-21    -8.899402436820324e-21    -1.216454915637859e-20    -7.509231506469275e-19     1.161169994358499e-16
