# Galaxy-kappa 2x2pt covariance.
# Using NaMaster Gaussian covariance.
# Using 20 ell bins for both gg and kg.
# with stacked data vector [Cgg,Ckg].
     5.347838214488012e-12    -8.817461021846468e-15    -3.460125715832940e-16    -2.059729848962358e-16    -1.247727988635047e-16    -8.521541809671349e-17    -6.326802902534841e-17    -4.979430419213806e-17    -4.116907917761901e-17    -3.510008215381585e-17    -3.052661813737786e-17    -2.729327928143837e-17    -2.465163131723897e-17    -2.234879363042810e-17    -2.023315764607096e-17    -1.842989016794919e-17    -1.693807261987161e-17    -1.557121252873458e-17    -1.432734454967617e-17    -1.320449368856315e-17     1.700242212387162e-14    -4.332062723283246e-17     2.541902901726984e-18     8.266121972241352e-19     5.105650898008445e-19     3.717902269930461e-19     2.442020765845393e-19     1.840147755015476e-19     1.565025954589053e-19     1.274079975299909e-19     1.112179243233707e-19     9.799304737698683e-20     8.613266172707687e-20     7.661514378414583e-20     6.617309946846206e-20     5.836139588879902e-20     5.222298651072512e-20     4.702223740951006e-20     4.248347693330981e-20     3.833735966199940e-20
    -8.817461021846473e-15     1.034143121411822e-13    -1.838498106177403e-15    -8.911704543519458e-17    -5.302036176126720e-17    -3.345711195483079e-17    -2.401533069834910e-17    -1.845674393096066e-17    -1.492281874592815e-17    -1.260684010981584e-17    -1.101343975064478e-17    -9.715733040208677e-18    -8.698654350732519e-18    -7.901093143292732e-18    -7.189123038543432e-18    -6.550388425770359e-18    -6.006332584514799e-18    -5.506405661349503e-18    -5.073887208643350e-18    -4.705704867178524e-18    -2.249038362680399e-16     3.062405720327529e-15    -8.232354724181645e-18     6.317200314898926e-19     2.920053724104423e-19     2.020754082570881e-19     1.502471006098782e-19     1.090543998650704e-19     8.694094639690751e-20     7.271414941746137e-20     6.153008542325584e-20     5.390381916683557e-20     4.698780018870002e-20     4.158040476397261e-20     3.705882034536388e-20     3.277996316259686e-20     2.941714009309431e-20     2.640541646098327e-20     2.394713703101058e-20     2.193842699604786e-20
    -3.460125715832935e-16    -1.838498106177400e-15     3.932140009650966e-14    -6.852911380973191e-16    -3.922350493334995e-17    -2.365079296562029e-17    -1.543187771227103e-17    -1.130314380372481e-17    -8.861777934829544e-18    -7.334894964504682e-18    -6.271793078690677e-18    -5.500247947471767e-18    -4.887894415901162e-18    -4.393706097738282e-18    -4.006946580468361e-18    -3.663763380674113e-18    -3.335749777529774e-18    -3.065116375433910e-18    -2.828296621169560e-18    -2.606360999348953e-18    -9.028379909756657e-18    -3.495530677129777e-17     1.068788257041296e-15    -1.950059120660909e-18     2.656227353623504e-19     1.382798506669693e-19     9.958069770681947e-20     7.887792054357607e-20     6.019386115448257e-20     4.946842777251438e-20     4.240418330055615e-20     3.623812315576962e-20     3.195692739338598e-20     2.817052351172054e-20     2.520711308328300e-20     2.270262549721844e-20     2.022953932581668e-20     1.828806541555615e-20     1.662992700555165e-20     1.514766948450650e-20
    -2.059729848962356e-16    -8.911704543519454e-17    -6.852911380973191e-16     1.666716270141877e-14    -3.167667913929760e-16    -1.862622753567976e-17    -1.123262319026796e-17    -7.424122054367644e-18    -5.516030892287366e-18    -4.367285583519726e-18    -3.625651153839843e-18    -3.117591600239547e-18    -2.742169218429364e-18    -2.445477250098421e-18    -2.207097144889512e-18    -2.009555791409862e-18    -1.839627440996067e-18    -1.683749510812576e-18    -1.546978650053218e-18    -1.424532979820738e-18    -6.127974474728333e-18    -1.974402289107198e-18    -1.122648339735387e-17     4.102972651229756e-16    -1.254350642576806e-18     9.353384400353752e-20     5.867490640419972e-20     4.639748214643588e-20     3.871538350928388e-20     3.102697782469290e-20     2.627126477374326e-20     2.293001522305223e-20     1.997315527600178e-20     1.786554600686180e-20     1.599967586815958e-20     1.442003343805566e-20     1.309630514950962e-20     1.184785852887745e-20     1.077881989733671e-20     9.839817244241889e-21
    -1.247727988635048e-16    -5.302036176126714e-17    -3.922350493335001e-17    -3.167667913929770e-16     8.786090499236898e-15    -1.682647765644755e-16    -1.063921683421565e-17    -6.529333641043370e-18    -4.365128224337927e-18    -3.260151854382891e-18    -2.598233170106827e-18    -2.165364711114249e-18    -1.868456724295407e-18    -1.649067414457937e-18    -1.469501023823649e-18    -1.327713571249976e-18    -1.213341910919303e-18    -1.110271619614785e-18    -1.014649165295406e-18    -9.301459354102554e-19    -3.927555059743611e-18    -1.374761043884377e-18    -7.403281582178035e-19    -4.326512280653127e-18     1.935176997492362e-16    -5.666264558939619e-19     4.318536305690474e-20     2.905146832542177e-20     2.448165067528275e-20     2.116819057239275e-20     1.763282855518227e-20     1.527929075378511e-20     1.358380968562498e-20     1.207140846259280e-20     1.089227104737963e-20     9.867236381272487e-21     9.013758483854603e-21     8.240394937131800e-21     7.498301037289460e-21     6.851066336326560e-21
    -8.521541809671343e-17    -3.345711195483075e-17    -2.365079296562027e-17    -1.862622753567974e-17    -1.682647765644755e-16     5.660142673988680e-15    -1.104286574071314e-16    -7.309490716726465e-18    -4.547321076610300e-18    -3.072755378354441e-18    -2.318210515065808e-18    -1.859173330943352e-18    -1.557939874946420e-18    -1.346061935822075e-18    -1.190408849450299e-18    -1.065190996726923e-18    -9.628225985678462e-19    -8.787967095167025e-19    -8.027938126883392e-19    -7.336904571905135e-19    -2.748427372562853e-18    -9.335134152546189e-19    -5.060719489635387e-19    -2.481342688717847e-19    -1.675263275034397e-18     1.136437752540228e-16    -3.478489844024507e-19     2.468919097740237e-20     1.707349209376708e-20     1.510371331498489e-20     1.337703425541934e-20     1.142686933667809e-20     1.010851895952017e-20     9.093775856660244e-21     8.184482634663843e-21     7.481938349319921e-21     6.831995309014379e-21     6.272292934402347e-21     5.757380708030339e-21     5.266591840180851e-21
    -6.326802902534832e-17    -2.401533069834913e-17    -1.543187771227101e-17    -1.123262319026794e-17    -1.063921683421565e-17    -1.104286574071312e-16     3.669886364213577e-15    -7.488105802312777e-17    -5.088172573938141e-18    -3.180928611335623e-18    -2.174154506426952e-18    -1.649310606084415e-18    -1.325543370000505e-18    -1.113758882751062e-18    -9.657001063814420e-19    -8.543550010700152e-19    -7.637812063770778e-19    -6.892939444188548e-19    -6.288831711424186e-19    -5.748384665975946e-19    -2.073183719635125e-18    -7.107240459370641e-19    -3.711405891559808e-19    -1.917089681496505e-19    -1.126750592188639e-19    -1.028827757816419e-18     6.612974434242443e-17    -2.536943393166891e-19     1.096356944630299e-20     8.861785845589495e-21     8.419150682817085e-21     7.809164066660544e-21     6.887884539368968e-21     6.242273654714397e-21     5.734350001095852e-21     5.236827708407518e-21     4.835518612424180e-21     4.454343359726082e-21     4.121062099158121e-21     3.812452952747266e-21
    -4.979430419213809e-17    -1.845674393096070e-17    -1.130314380372482e-17    -7.424122054367653e-18    -6.529333641043350e-18    -7.309490716726485e-18    -7.488105802312773e-17     2.702762871061133e-15    -5.549666318471761e-17    -3.901744082217870e-18    -2.478564598836540e-18    -1.707658332325014e-18    -1.304372526166255e-18    -1.055802808266228e-18    -8.898936352696099e-19    -7.726152543435903e-19    -6.837058614004355e-19    -6.117480328167307e-19    -5.528798377718259e-19    -5.050903639414425e-19    -1.646075147536970e-18    -5.608447370863846e-19    -2.884431387627587e-19    -1.420526037833538e-19    -8.374345565209158e-20    -6.297896704231464e-20    -5.633608565105036e-19     4.405778291553851e-17    -1.707062069397620e-19     6.591735097109374e-21     5.402785416136716e-21     5.386994499518699e-21     5.147770516469706e-21     4.649905056839360e-21     4.281851997928499e-21     3.977539721268518e-21     3.667194347339582e-21     3.413219248453952e-21     3.170243192434354e-21     2.955727368725414e-21
    -4.116907917761901e-17    -1.492281874592816e-17    -8.861777934829554e-18    -5.516030892287362e-18    -4.365128224337921e-18    -4.547321076610288e-18    -5.088172573938147e-18    -5.549666318471764e-17     2.088397518268261e-15    -4.362095820304260e-17    -3.130666906317738e-18    -2.006443251148684e-18    -1.395198536162474e-18    -1.072609620429892e-18    -8.710851427073411e-19    -7.356704059982038e-19    -6.400342109035153e-19    -5.675245197877661e-19    -5.087216710710683e-19    -4.608349627771698e-19    -1.368849530631537e-18    -4.618777488937608e-19    -2.341916474600075e-19    -1.141886628806731e-19    -6.388537013612342e-20    -4.772127831886410e-20    -3.167863952047208e-20    -3.509893001762949e-19     3.114986544048084e-17    -1.289090247687095e-19     3.893220087482883e-21     3.376333663508965e-21     3.576201569900206e-21     3.509514020056343e-21     3.231319078618997e-21     3.019081577019061e-21     2.835443179078997e-21     2.641574286526999e-21     2.482097968880837e-21     2.326688348541465e-21
    -3.510008215381585e-17    -1.260684010981585e-17    -7.334894964504671e-18    -4.367285583519722e-18    -3.260151854382898e-18    -3.072755378354433e-18    -3.180928611335616e-18    -3.901744082217863e-18    -4.362095820304261e-17     1.659070255986262e-15    -3.523166356580255e-17    -2.574177039338680e-18    -1.662625228294147e-18    -1.164449437907540e-18    -8.987521633578884e-19    -7.324698120646708e-19    -6.206083832725266e-19    -5.412515198067940e-19    -4.811907699854962e-19    -4.312732144389863e-19    -1.171707571707604e-18    -3.954575683409563e-19    -1.992734703738190e-19    -9.559719165390207e-20    -5.291313872686081e-20    -3.717548875112636e-20    -2.524763393264712e-20    -2.011060333636714e-20    -2.487463466579827e-19     2.262481616722158e-17    -1.011132085516612e-19     2.067262209408681e-21     2.020246035796045e-21     2.313885721424705e-21     2.359959688276263e-21     2.223913537850175e-21     2.115303399950135e-21     2.016231029521547e-21     1.902742556067874e-21     1.801617082738449e-21
    -3.052661813737786e-17    -1.101343975064478e-17    -6.271793078690680e-18    -3.625651153839843e-18    -2.598233170106828e-18    -2.318210515065810e-18    -2.174154506426952e-18    -2.478564598836541e-18    -3.130666906317733e-18    -3.523166356580264e-17     1.379167089870255e-15    -2.951853637869393e-17    -2.189304838941736e-18    -1.424807723822601e-18    -1.003553793238765e-18    -7.784181369640722e-19    -6.369903148450458e-19    -5.416318508810289e-19    -4.728038009990130e-19    -4.204492960867295e-19    -1.021572315329136e-18    -3.483373392892128e-19    -1.735672318002266e-19    -8.232891611398866e-20    -4.489636526842637e-20    -3.084135086779072e-20    -1.974737433444359e-20    -1.571061193675051e-20    -1.321413881045422e-20    -1.744852429207136e-19     1.733051209108217e-17    -8.013075163624892e-20     1.221956175669630e-21     1.281581249727106e-21     1.586345833717141e-21     1.672786361985198e-21     1.608007253134046e-21     1.555522766562390e-21     1.497880761339602e-21     1.422658117909603e-21
    -2.729327928143837e-17    -9.715733040208683e-18    -5.500247947471767e-18    -3.117591600239546e-18    -2.165364711114251e-18    -1.859173330943357e-18    -1.649310606084420e-18    -1.707658332325009e-18    -2.006443251148684e-18    -2.574177039338685e-18    -2.951853637869382e-17     1.171658302787026e-15    -2.531141355113996e-17    -1.897491820741512e-18    -1.242046361816047e-18    -8.795953019779046e-19    -6.855495891625591e-19    -5.621511363091164e-19    -4.785450502674526e-19    -4.184299775570286e-19    -9.148880508569533e-19    -3.094119639678887e-19    -1.541864702354775e-19    -7.279908333650920e-20    -3.926801651202408e-20    -2.645723609326680e-20    -1.665416932560144e-20    -1.237489448510634e-20    -1.046075236744152e-20    -8.758723726603472e-21    -1.305978858346394e-19     1.367271916138241e-17    -6.577226941030838e-20     6.629585208529732e-22     8.011075016822495e-22     1.100308344890425e-21     1.205772179207780e-21     1.182210455907804e-21     1.158786015823712e-21     1.127775707328516e-21
    -2.465163131723899e-17    -8.698654350732542e-18    -4.887894415901162e-18    -2.742169218429365e-18    -1.868456724295406e-18    -1.557939874946419e-18    -1.325543370000505e-18    -1.304372526166255e-18    -1.395198536162473e-18    -1.662625228294150e-18    -2.189304838941733e-18    -2.531141355113998e-17     1.015050732224370e-15    -2.209130866489475e-17    -1.671163928257129e-18    -1.099926730501222e-18    -7.820384078993475e-19    -6.109282711357608e-19    -5.021174890565728e-19    -4.281500725311573e-19    -8.276345953011944e-19    -2.783041757689435e-19    -1.384237062166217e-19    -6.539611129504770e-20    -3.517497880137156e-20    -2.336618014267811e-20    -1.446918569174182e-20    -1.052328915174469e-20    -8.266402290413820e-21    -7.019000471281467e-21    -6.324289733302398e-21    -1.018282973992850e-19     1.104845212499100e-17    -5.502205688043151e-20     3.056829391235103e-22     4.842072264062706e-22     7.646929646853040e-22     8.751979922853793e-22     8.772349014649710e-22     8.728541434326426e-22
    -2.234879363042808e-17    -7.901093143292734e-18    -4.393706097738281e-18    -2.445477250098424e-18    -1.649067414457935e-18    -1.346061935822076e-18    -1.113758882751063e-18    -1.055802808266227e-18    -1.072609620429890e-18    -1.164449437907544e-18    -1.424807723822599e-18    -1.897491820741519e-18    -2.209130866489476e-17     8.957527146601983e-16    -1.960353818355817e-17    -1.493493064282482e-18    -9.867918037710219e-19    -7.038235826568875e-19    -5.511117361149308e-19    -4.541057325787397e-19    -7.511022789852945e-19    -2.536732449341115e-19    -1.253713047106664e-19    -5.925874208987054e-20    -3.191396104035289e-20    -2.102293546774611e-20    -1.289265726338201e-20    -9.201202792204242e-21    -7.038228130090002e-21    -5.537778705118594e-21    -5.048729257462496e-21    -4.681016980059492e-21    -8.094048523562800e-20     9.145633229078239e-18    -4.674001673987655e-20     9.992667591663194e-23     2.803681945717375e-22     5.399074605269776e-22     6.489771768718379e-22     6.641801825300320e-22
    -2.023315764607097e-17    -7.189123038543433e-18    -4.006946580468359e-18    -2.207097144889508e-18    -1.469501023823652e-18    -1.190408849450299e-18    -9.657001063814422e-19    -8.898936352696087e-19    -8.710851427073368e-19    -8.987521633578884e-19    -1.003553793238766e-18    -1.242046361816050e-18    -1.671163928257130e-18    -1.960353818355818e-17     8.005823312889597e-16    -1.760995489120738e-17    -1.348662066511334e-18    -8.937300667570738e-19    -6.393099071388390e-19    -5.022484609837491e-19    -6.803906500020984e-19    -2.314955088392315e-19    -1.150093154462862e-19    -5.414065855772061e-20    -2.908614917162513e-20    -1.918340132340245e-20    -1.171993150524233e-20    -8.250514719437332e-21    -6.181713262483838e-21    -4.731821827066471e-21    -3.976791586110871e-21    -3.751843026706177e-21    -3.559266088170562e-21    -6.621843259226345e-20     7.707285149126676e-18    -4.033973858296125e-20    -3.760728683768201e-23     1.437554207725817e-22     3.820401624775822e-22     4.859004408470964e-22
    -1.842989016794919e-17    -6.550388425770358e-18    -3.663763380674112e-18    -2.009555791409860e-18    -1.327713571249973e-18    -1.065190996726922e-18    -8.543550010700186e-19    -7.726152543435916e-19    -7.356704059982032e-19    -7.324698120646706e-19    -7.784181369640710e-19    -8.795953019779003e-19    -1.099926730501220e-18    -1.493493064282485e-18    -1.760995489120739e-17     7.236929180042555e-16    -1.598593850487975e-17    -1.229065151906413e-18    -8.171160238823616e-19    -5.865943168754529e-19    -6.202679713804518e-19    -2.113524196539744e-19    -1.056804920864028e-19    -4.980910493869891e-20    -2.673314226356887e-20    -1.760313800584858e-20    -1.076806425676529e-20    -7.533148305959292e-21    -5.559446167944972e-21    -4.177492222276511e-21    -3.400767948376188e-21    -2.943153774201176e-21    -2.856003903890170e-21    -2.797899462880964e-21    -5.528023591300604e-20     6.597044099804248e-18    -3.525316555375806e-20    -1.228094525323556e-22     5.259061062623593e-23     2.695856724899157e-22
    -1.693807261987160e-17    -6.006332584514806e-18    -3.335749777529772e-18    -1.839627440996065e-18    -1.213341910919304e-18    -9.628225985678477e-19    -7.637812063770770e-19    -6.837058614004347e-19    -6.400342109035148e-19    -6.206083832725260e-19    -6.369903148450456e-19    -6.855495891625596e-19    -7.820384078993480e-19    -9.867918037710188e-19    -1.348662066511332e-18    -1.598593850487977e-17     6.606328060062526e-16    -1.464143388684022e-17    -1.130055276265075e-18    -7.534291916472058e-19    -5.703782710292646e-19    -1.941936286421237e-19    -9.660320117437682e-20    -4.597620381180889e-20    -2.477866387931695e-20    -1.623315461491263e-20    -9.924006446892834e-21    -6.941050043575985e-21    -5.093816510839467e-21    -3.772843182839501e-21    -3.007921689434388e-21    -2.512999490275725e-21    -2.226209023852397e-21    -2.240803567408376e-21    -2.242551121809437e-21    -4.688534770606877e-20     5.726281705599190e-18    -3.110027196842936e-20    -1.712181991363420e-22    -8.428675478005341e-24
    -1.557121252873458e-17    -5.506405661349504e-18    -3.065116375433911e-18    -1.683749510812572e-18    -1.110271619614785e-18    -8.787967095167014e-19    -6.892939444188546e-19    -6.117480328167309e-19    -5.675245197877669e-19    -5.412515198067917e-19    -5.416318508810284e-19    -5.621511363091173e-19    -6.109282711357602e-19    -7.038235826568886e-19    -8.937300667570726e-19    -1.229065151906413e-18    -1.464143388684026e-17     6.076751138442822e-16    -1.350973353458517e-17    -1.045690774589056e-18    -5.246294753264315e-19    -1.783707588456328e-19    -8.905709674354253e-20    -4.235017588459172e-20    -2.295921935062186e-20    -1.507289245960644e-20    -9.181113400649712e-21    -6.422848074842357e-21    -4.713962549014653e-21    -3.472643612885185e-21    -2.725108122578154e-21    -2.225430064794408e-21    -1.898139034596622e-21    -1.736507913151392e-21    -1.795730891871583e-21    -1.834934616425887e-21    -4.039939135386948e-20     5.026281035558921e-18    -2.771039601979668e-20    -2.045332659784705e-22
    -1.432734454967616e-17    -5.073887208643349e-18    -2.828296621169564e-18    -1.546978650053219e-18    -1.014649165295408e-18    -8.027938126883379e-19    -6.288831711424192e-19    -5.528798377718262e-19    -5.087216710710683e-19    -4.811907699854973e-19    -4.728038009990110e-19    -4.785450502674521e-19    -5.021174890565738e-19    -5.511117361149297e-19    -6.393099071388386e-19    -8.171160238823603e-19    -1.130055276265075e-18    -1.350973353458517e-17     5.627557916715992e-16    -1.254670536543048e-17    -4.829602862918056e-19    -1.645768556902573e-19    -8.240139963829603e-20    -3.914933676239918e-20    -2.118712034812385e-20    -1.397813643468305e-20    -8.560064237671967e-21    -5.966111605123759e-21    -4.377259744178176e-21    -3.228662996134235e-21    -2.512392926135280e-21    -2.018444063159855e-21    -1.682230210095355e-21    -1.475718077451086e-21    -1.382248211992542e-21    -1.467989982097625e-21    -1.532268164358300e-21    -3.525114689506389e-20     4.455454588252710e-18    -2.492462316420354e-20
    -1.320449368856315e-17    -4.705704867178524e-18    -2.606360999348953e-18    -1.424532979820736e-18    -9.301459354102568e-19    -7.336904571905142e-19    -5.748384665975939e-19    -5.050903639414412e-19    -4.608349627771690e-19    -4.312732144389867e-19    -4.204492960867288e-19    -4.184299775570279e-19    -4.281500725311573e-19    -4.541057325787399e-19    -5.022484609837489e-19    -5.865943168754508e-19    -7.534291916472044e-19    -1.045690774589054e-18    -1.254670536543048e-17     5.244606280681612e-16    -4.452686106753832e-19    -1.527574345123859e-19    -7.614055120983129e-20    -3.623371269275271e-20    -1.959678528648968e-20    -1.292653149170774e-20    -7.971708551054513e-21    -5.580143586979975e-21    -4.079230414754727e-21    -3.002475845093903e-21    -2.338615553223518e-21    -1.862380541436350e-21    -1.524869043076753e-21    -1.306257803138478e-21    -1.169594685492660e-21    -1.120544519808606e-21    -1.221087529082976e-21    -1.294274175700488e-21    -3.107119766650025e-20     3.986756620793204e-18
     1.700242212387162e-14    -2.249038362680399e-16    -9.028379909756657e-18    -6.127974474728333e-18    -3.927555059743611e-18    -2.748427372562853e-18    -2.073183719635125e-18    -1.646075147536970e-18    -1.368849530631537e-18    -1.171707571707604e-18    -1.021572315329136e-18    -9.148880508569533e-19    -8.276345953011944e-19    -7.511022789852945e-19    -6.803906500020984e-19    -6.202679713804518e-19    -5.703782710292646e-19    -5.246294753264315e-19    -4.829602862918056e-19    -4.452686106753832e-19     5.414268136359361e-15    -2.521611058442084e-17     2.223288806231937e-19     1.942373823751460e-20     1.920037315819522e-20     1.466024846348755e-20     4.533176327989418e-21    -1.935385006412165e-21    -1.496750178084287e-21    -1.973932560141933e-21    -1.471181156708601e-21    -1.524475715422920e-21    -1.375520811044130e-21    -3.051343836648279e-22     3.154504941992406e-22     3.839451561589988e-22     5.176468329360761e-22     6.755204912278204e-22     8.213294121192221e-22     8.569889154732861e-22
    -4.332062723283246e-17     3.062405720327529e-15    -3.495530677129777e-17    -1.974402289107198e-18    -1.374761043884377e-18    -9.335134152546189e-19    -7.107240459370641e-19    -5.608447370863846e-19    -4.618777488937608e-19    -3.954575683409563e-19    -3.483373392892128e-19    -3.094119639678887e-19    -2.783041757689435e-19    -2.536732449341115e-19    -2.314955088392315e-19    -2.113524196539744e-19    -1.941936286421237e-19    -1.783707588456328e-19    -1.645768556902573e-19    -1.527574345123859e-19    -2.521611058442086e-17     1.539731113273864e-15    -7.720435197241053e-18     3.518452015418961e-20    -6.582970657622731e-21     1.637883476537889e-21     1.862778064217201e-21    -7.747996808173504e-22    -1.356434600052434e-21    -1.250103064233222e-21    -1.411725012052981e-21    -9.071019293804723e-22    -6.595612840534024e-22    -5.068669279545252e-22    -1.182286512894019e-22     2.349037706642823e-22     3.233303347500840e-22     4.041730117024405e-22     4.564338270045766e-22     4.894992413863651e-22
     2.541902901726984e-18    -8.232354724181645e-18     1.068788257041296e-15    -1.122648339735387e-17    -7.403281582178035e-19    -5.060719489635387e-19    -3.711405891559808e-19    -2.884431387627587e-19    -2.341916474600075e-19    -1.992734703738190e-19    -1.735672318002266e-19    -1.541864702354775e-19    -1.384237062166217e-19    -1.253713047106664e-19    -1.150093154462862e-19    -1.056804920864028e-19    -9.660320117437682e-20    -8.905709674354253e-20    -8.240139963829603e-20    -7.614055120983129e-20     2.223288806231937e-19    -7.720435197241015e-18     7.927760419192680e-16    -4.130805995521862e-18    -7.605115096483350e-21    -1.419540805974525e-20    -4.832589501754750e-21    -1.041780419100944e-21    -1.724911989474893e-21    -1.524688839207402e-21    -1.016779315650776e-21    -8.816879229416889e-22    -5.072074925305518e-22    -3.898723216605369e-22    -2.454929579653069e-22     1.795108494303073e-23     2.402881569411077e-22     2.749869559703045e-22     3.050845711641075e-22     3.288623288990951e-22
     8.266121972241352e-19     6.317200314898926e-19    -1.950059120660909e-18     4.102972651229756e-16    -4.326512280653127e-18    -2.481342688717847e-19    -1.917089681496505e-19    -1.420526037833538e-19    -1.141886628806731e-19    -9.559719165390207e-20    -8.232891611398866e-20    -7.279908333650920e-20    -6.539611129504770e-20    -5.925874208987054e-20    -5.414065855772061e-20    -4.980910493869891e-20    -4.597620381180889e-20    -4.235017588459172e-20    -3.914933676239918e-20    -3.623371269275271e-20     1.942373823751451e-20     3.518452015418954e-20    -4.130805995521862e-18     5.070666904263692e-16    -2.945420120697319e-18    -2.169616832240973e-20    -1.742471504164324e-20    -7.117094965661194e-21    -2.399104859651027e-21    -2.055960593169592e-21    -1.388693774416715e-21    -8.195550039036292e-22    -6.889275123421896e-22    -3.136268396798384e-22    -1.946167049946796e-22    -9.666602737979992e-23     7.386277139735027e-23     1.967051499969616e-22     2.110658860189847e-22     2.041726270997791e-22
     5.105650898008445e-19     2.920053724104423e-19     2.656227353623504e-19    -1.254350642576806e-18     1.935176997492362e-16    -1.675263275034397e-18    -1.126750592188639e-19    -8.374345565209158e-20    -6.388537013612342e-20    -5.291313872686081e-20    -4.489636526842637e-20    -3.926801651202408e-20    -3.517497880137156e-20    -3.191396104035289e-20    -2.908614917162513e-20    -2.673314226356887e-20    -2.477866387931695e-20    -2.295921935062186e-20    -2.118712034812385e-20    -1.959678528648968e-20     1.920037315819528e-20    -6.582970657622996e-21    -7.605115096482986e-21    -2.945420120697322e-18     3.932870417742267e-16    -2.264549051754446e-18    -2.429552308923328e-20    -1.743347875041389e-20    -7.356180734246437e-21    -2.626306691216441e-21    -2.109356179995645e-21    -1.357309598409058e-21    -7.378545499640524e-22    -5.562614774329353e-22    -2.063917939719191e-22    -1.257017827431526e-22    -5.635585884602442e-23     7.676983391911644e-23     1.476114529383536e-22     1.507427759700536e-22
     3.717902269930461e-19     2.020754082570881e-19     1.382798506669693e-19     9.353384400353752e-20    -5.666264558939619e-19     1.136437752540228e-16    -1.028827757816419e-18    -6.297896704231464e-20    -4.772127831886410e-20    -3.717548875112636e-20    -3.084135086779072e-20    -2.645723609326680e-20    -2.336618014267811e-20    -2.102293546774611e-20    -1.918340132340245e-20    -1.760313800584858e-20    -1.623315461491263e-20    -1.507289245960644e-20    -1.397813643468305e-20    -1.292653149170774e-20     1.466024846348762e-20     1.637883476537821e-21    -1.419540805974522e-20    -2.169616832240960e-20    -2.264549051754441e-18     3.295913813686981e-16    -1.896502745056208e-18    -2.281085222104218e-20    -1.614607270927403e-20    -7.077421706055966e-21    -2.673347068422113e-21    -2.067198528977975e-21    -1.273230292255125e-21    -6.583073878456843e-22    -4.911537537461738e-22    -1.746807969425237e-22    -1.090242121404286e-22    -6.097959818532105e-23     5.587466039671050e-23     1.152497096174525e-22
     2.442020765845393e-19     1.502471006098782e-19     9.958069770681947e-20     5.867490640419972e-20     4.318536305690474e-20    -3.478489844024507e-19     6.612974434242443e-17    -5.633608565105036e-19    -3.167863952047208e-20    -2.524763393264712e-20    -1.974737433444359e-20    -1.665416932560144e-20    -1.446918569174182e-20    -1.289265726338201e-20    -1.171993150524233e-20    -1.076806425676529e-20    -9.924006446892834e-21    -9.181113400649712e-21    -8.560064237671967e-21    -7.971708551054513e-21     4.533176327989352e-21     1.862778064217189e-21    -4.832589501754844e-21    -1.742471504164321e-20    -2.429552308923325e-20    -1.896502745056220e-18     2.614417326624305e-16    -1.528800462371616e-18    -1.980005180580482e-20    -1.410544749450598e-20    -6.369441239596339e-21    -2.462584543012457e-21    -1.875120159522621e-21    -1.141437601336839e-21    -5.836636106236441e-22    -4.392786662106871e-22    -1.689349958466253e-22    -1.153310556929786e-22    -6.634923667860293e-23     3.968643999594371e-23
     1.840147755015476e-19     1.090543998650704e-19     7.887792054357607e-20     4.639748214643588e-20     2.905146832542177e-20     2.468919097740237e-20    -2.536943393166891e-19     4.405778291553851e-17    -3.509893001762949e-19    -2.011060333636714e-20    -1.571061193675051e-20    -1.237489448510634e-20    -1.052328915174469e-20    -9.201202792204242e-21    -8.250514719437332e-21    -7.533148305959292e-21    -6.941050043575985e-21    -6.422848074842357e-21    -5.966111605123759e-21    -5.580143586979975e-21    -1.935385006412151e-21    -7.747996808173541e-22    -1.041780419100932e-21    -7.117094965661211e-21    -1.743347875041395e-20    -2.281085222104222e-20    -1.528800462371620e-18     2.118498461141382e-16    -1.255553616245848e-18    -1.712625516057660e-20    -1.237799130106299e-20    -5.682464974222084e-21    -2.226713193752198e-21    -1.683682072762648e-21    -1.019626232350808e-21    -5.374039292562944e-22    -4.133851709891722e-22    -1.688125484768300e-22    -1.180331475549643e-22    -6.884295491503733e-23
     1.565025954589053e-19     8.694094639690751e-20     6.019386115448257e-20     3.871538350928388e-20     2.448165067528275e-20     1.707349209376708e-20     1.096356944630299e-20    -1.707062069397620e-19     3.114986544048084e-17    -2.487463466579827e-19    -1.321413881045422e-20    -1.046075236744152e-20    -8.266402290413820e-21    -7.038228130090002e-21    -6.181713262483838e-21    -5.559446167944972e-21    -5.093816510839467e-21    -4.713962549014653e-21    -4.377259744178176e-21    -4.079230414754727e-21    -1.496750178084285e-21    -1.356434600052435e-21    -1.724911989474902e-21    -2.399104859651037e-21    -7.356180734246417e-21    -1.614607270927400e-20    -1.980005180580477e-20    -1.255553616245849e-18     1.764695922654568e-16    -1.076223024291393e-18    -1.531504110947532e-20    -1.114207088093620e-20    -5.139319805179928e-21    -2.029935476463030e-21    -1.533235180795520e-21    -9.411276192215407e-22    -5.047866898230768e-22    -3.930871746306110e-22    -1.644642139735399e-22    -1.132669152897849e-22
     1.274079975299909e-19     7.271414941746137e-20     4.946842777251438e-20     3.102697782469290e-20     2.116819057239275e-20     1.510371331498489e-20     8.861785845589495e-21     6.591735097109374e-21    -1.289090247687095e-19     2.262481616722158e-17    -1.744852429207136e-19    -8.758723726603472e-21    -7.019000471281467e-21    -5.537778705118594e-21    -4.731821827066471e-21    -4.177492222276511e-21    -3.772843182839501e-21    -3.472643612885185e-21    -3.228662996134235e-21    -3.002475845093903e-21    -1.973932560141932e-21    -1.250103064233221e-21    -1.524688839207406e-21    -2.055960593169599e-21    -2.626306691216447e-21    -7.077421706055974e-21    -1.410544749450602e-20    -1.712625516057662e-20    -1.076223024291391e-18     1.541577595818345e-16    -9.608091727134188e-19    -1.427120030111529e-20    -1.028329343340853e-20    -4.759722119976137e-21    -1.893877282707502e-21    -1.440860591890675e-21    -8.933965545052911e-22    -4.859729605620580e-22    -3.753008831786939e-22    -1.574758145265721e-22
     1.112179243233707e-19     6.153008542325584e-20     4.240418330055615e-20     2.627126477374326e-20     1.763282855518227e-20     1.337703425541934e-20     8.419150682817085e-21     5.402785416136716e-21     3.893220087482883e-21    -1.011132085516612e-19     1.733051209108217e-17    -1.305978858346394e-19    -6.324289733302398e-21    -5.048729257462496e-21    -3.976791586110871e-21    -3.400767948376188e-21    -3.007921689434388e-21    -2.725108122578154e-21    -2.512392926135280e-21    -2.338615553223518e-21    -1.471181156708600e-21    -1.411725012052980e-21    -1.016779315650776e-21    -1.388693774416716e-21    -2.109356179995641e-21    -2.673347068422123e-21    -6.369441239596308e-21    -1.237799130106293e-20    -1.531504110947530e-20    -9.608091727134201e-19     1.429906120383395e-16    -9.003296131992821e-19    -1.364894399501938e-20    -9.752710887660750e-21    -4.518790744900838e-21    -1.826677493860403e-21    -1.400568646605362e-21    -8.744718512692056e-22    -4.759924747041690e-22    -3.652670622344388e-22
     9.799304737698683e-20     5.390381916683557e-20     3.623812315576962e-20     2.293001522305223e-20     1.527929075378511e-20     1.142686933667809e-20     7.809164066660544e-21     5.386994499518699e-21     3.376333663508965e-21     2.067262209408681e-21    -8.013075163624892e-20     1.367271916138241e-17    -1.018282973992850e-19    -4.681016980059492e-21    -3.751843026706177e-21    -2.943153774201176e-21    -2.512999490275725e-21    -2.225430064794408e-21    -2.018444063159855e-21    -1.862380541436350e-21    -1.524475715422916e-21    -9.071019293804766e-22    -8.816879229416883e-22    -8.195550039036292e-22    -1.357309598409060e-21    -2.067198528977976e-21    -2.462584543012460e-21    -5.682464974222067e-21    -1.114207088093624e-20    -1.427120030111515e-20    -9.003296131992877e-19     1.365982501751663e-16    -8.564995990761542e-19    -1.313951580028173e-20    -9.342835521553969e-21    -4.380648997749912e-21    -1.795866334710429e-21    -1.386509551821033e-21    -8.644135630232946e-22    -4.695970932509610e-22
     8.613266172707687e-20     4.698780018870002e-20     3.195692739338598e-20     1.997315527600178e-20     1.358380968562498e-20     1.010851895952017e-20     6.887884539368968e-21     5.147770516469706e-21     3.576201569900206e-21     2.020246035796045e-21     1.221956175669630e-21    -6.577226941030838e-20     1.104845212499100e-17    -8.094048523562800e-20    -3.559266088170562e-21    -2.856003903890170e-21    -2.226209023852397e-21    -1.898139034596622e-21    -1.682230210095355e-21    -1.524869043076753e-21    -1.375520811044129e-21    -6.595612840534040e-22    -5.072074925305501e-22    -6.889275123421895e-22    -7.378545499640527e-22    -1.273230292255127e-21    -1.875120159522624e-21    -2.226713193752204e-21    -5.139319805179915e-21    -1.028329343340848e-20    -1.364894399501933e-20    -8.564995990761556e-19     1.303034600094571e-16    -8.159231659806788e-19    -1.253682489846053e-20    -8.999354262435491e-21    -4.271507626462778e-21    -1.773416114776389e-21    -1.367187842141094e-21    -8.506342874122267e-22
     7.661514378414583e-20     4.158040476397261e-20     2.817052351172054e-20     1.786554600686180e-20     1.207140846259280e-20     9.093775856660244e-21     6.242273654714397e-21     4.649905056839360e-21     3.509514020056343e-21     2.313885721424705e-21     1.281581249727106e-21     6.629585208529732e-22    -5.502205688043151e-20     9.145633229078239e-18    -6.621843259226345e-20    -2.797899462880964e-21    -2.240803567408376e-21    -1.736507913151392e-21    -1.475718077451086e-21    -1.306257803138478e-21    -3.051343836648271e-22    -5.068669279545250e-22    -3.898723216605343e-22    -3.136268396798393e-22    -5.562614774329353e-22    -6.583073878456845e-22    -1.141437601336841e-21    -1.683682072762651e-21    -2.029935476463031e-21    -4.759722119976157e-21    -9.752710887660716e-21    -1.313951580028173e-20    -8.159231659806798e-19     1.233886218035841e-16    -7.716554889533612e-19    -1.200150716841644e-20    -8.703175752082604e-21    -4.176261207737290e-21    -1.738460488787352e-21    -1.336849441416018e-21
     6.617309946846206e-20     3.705882034536388e-20     2.520711308328300e-20     1.599967586815958e-20     1.089227104737963e-20     8.184482634663843e-21     5.734350001095852e-21     4.281851997928499e-21     3.231319078618997e-21     2.359959688276263e-21     1.586345833717141e-21     8.011075016822495e-22     3.056829391235103e-22    -4.674001673987655e-20     7.707285149126676e-18    -5.528023591300604e-20    -2.242551121809437e-21    -1.795730891871583e-21    -1.382248211992542e-21    -1.169594685492660e-21     3.154504941992403e-22    -1.182286512893998e-22    -2.454929579653080e-22    -1.946167049946787e-22    -2.063917939719199e-22    -4.911537537461741e-22    -5.836636106236438e-22    -1.019626232350809e-21    -1.533235180795520e-21    -1.893877282707504e-21    -4.518790744900843e-21    -9.342835521553974e-21    -1.253682489846058e-20    -7.716554889533584e-19     1.160177431220450e-16    -7.318953233154971e-19    -1.154935589611705e-20    -8.451026700346896e-21    -4.059715323805011e-21    -1.692047569823405e-21
     5.836139588879902e-20     3.277996316259686e-20     2.270262549721844e-20     1.442003343805566e-20     9.867236381272487e-21     7.481938349319921e-21     5.236827708407518e-21     3.977539721268518e-21     3.019081577019061e-21     2.223913537850175e-21     1.672786361985198e-21     1.100308344890425e-21     4.842072264062706e-22     9.992667591663194e-23    -4.033973858296125e-20     6.597044099804248e-18    -4.688534770606877e-20    -1.834934616425887e-21    -1.467989982097625e-21    -1.120544519808606e-21     3.839451561589995e-22     2.349037706642818e-22     1.795108494303145e-23    -9.666602737980128e-23    -1.257017827431526e-22    -1.746807969425249e-22    -4.392786662106875e-22    -5.374039292562938e-22    -9.411276192215411e-22    -1.440860591890674e-21    -1.826677493860403e-21    -4.380648997749917e-21    -8.999354262435518e-21    -1.200150716841645e-20    -7.318953233155030e-19     1.110514282823112e-16    -7.082396214192508e-19    -1.130317478644721e-20    -8.273095976285809e-21    -3.974426785423362e-21
     5.222298651072512e-20     2.941714009309431e-20     2.022953932581668e-20     1.309630514950962e-20     9.013758483854603e-21     6.831995309014379e-21     4.835518612424180e-21     3.667194347339582e-21     2.835443179078997e-21     2.115303399950135e-21     1.608007253134046e-21     1.205772179207780e-21     7.646929646853040e-22     2.803681945717375e-22    -3.760728683768201e-23    -3.525316555375806e-20     5.726281705599190e-18    -4.039939135386948e-20    -1.532268164358300e-21    -1.221087529082976e-21     5.176468329360766e-22     3.233303347500841e-22     2.402881569411077e-22     7.386277139735157e-23    -5.635585884602362e-23    -1.090242121404285e-22    -1.689349958466255e-22    -4.133851709891717e-22    -5.047866898230770e-22    -8.933965545052911e-22    -1.400568646605362e-21    -1.795866334710430e-21    -4.271507626462785e-21    -8.703175752082591e-21    -1.154935589611700e-20    -7.082396214192490e-19     1.084959117825303e-16    -6.995707145956128e-19    -1.119126643844479e-20    -8.164047296785142e-21
     4.702223740951006e-20     2.640541646098327e-20     1.828806541555615e-20     1.184785852887745e-20     8.240394937131800e-21     6.272292934402347e-21     4.454343359726082e-21     3.413219248453952e-21     2.641574286526999e-21     2.016231029521547e-21     1.555522766562390e-21     1.182210455907804e-21     8.751979922853793e-22     5.399074605269776e-22     1.437554207725817e-22    -1.228094525323556e-22    -3.110027196842936e-20     5.026281035558921e-18    -3.525114689506389e-20    -1.294274175700488e-21     6.755204912278210e-22     4.041730117024402e-22     2.749869559703045e-22     1.967051499969617e-22     7.676983391911658e-23    -6.097959818532085e-23    -1.153310556929771e-22    -1.688125484768304e-22    -3.930871746306106e-22    -4.859729605620581e-22    -8.744718512692051e-22    -1.386509551821033e-21    -1.773416114776388e-21    -4.176261207737293e-21    -8.451026700346868e-21    -1.130317478644720e-20    -6.995707145956147e-19     1.079574468137884e-16    -6.925071529231273e-19    -1.115944261064224e-20
     4.248347693330981e-20     2.394713703101058e-20     1.662992700555165e-20     1.077881989733671e-20     7.498301037289460e-21     5.757380708030339e-21     4.121062099158121e-21     3.170243192434354e-21     2.482097968880837e-21     1.902742556067874e-21     1.497880761339602e-21     1.158786015823712e-21     8.772349014649710e-22     6.489771768718379e-22     3.820401624775822e-22     5.259061062623593e-23    -1.712181991363420e-22    -2.771039601979668e-20     4.455454588252710e-18    -3.107119766650025e-20     8.213294121192236e-22     4.564338270045775e-22     3.050845711641080e-22     2.110658860189849e-22     1.476114529383535e-22     5.587466039671047e-23    -6.634923667860237e-23    -1.180331475549650e-22    -1.644642139735399e-22    -3.753008831786940e-22    -4.759924747041690e-22    -8.644135630232939e-22    -1.367187842141094e-21    -1.738460488787354e-21    -4.059715323805007e-21    -8.273095976285797e-21    -1.119126643844482e-20    -6.925071529231306e-19     1.075570180113837e-16    -6.899011602092306e-19
     3.833735966199940e-20     2.193842699604786e-20     1.514766948450650e-20     9.839817244241889e-21     6.851066336326560e-21     5.266591840180851e-21     3.812452952747266e-21     2.955727368725414e-21     2.326688348541465e-21     1.801617082738449e-21     1.422658117909603e-21     1.127775707328516e-21     8.728541434326426e-22     6.641801825300320e-22     4.859004408470964e-22     2.695856724899157e-22    -8.428675478005341e-24    -2.045332659784705e-22    -2.492462316420354e-20     3.986756620793204e-18     8.569889154732831e-22     4.894992413863662e-22     3.288623288990946e-22     2.041726270997793e-22     1.507427759700536e-22     1.152497096174526e-22     3.968643999594432e-23    -6.884295491503743e-23    -1.132669152897852e-22    -1.574758145265724e-22    -3.652670622344392e-22    -4.695970932509609e-22    -8.506342874122275e-22    -1.336849441416018e-21    -1.692047569823404e-21    -3.974426785423356e-21    -8.164047296785139e-21    -1.115944261064223e-20    -6.899011602092316e-19     1.068152654897017e-16
