# Best fit model.
# chi^2=2.309000e+01.
# z_eff=0.623972.
# Parameters:   9.9745e-01  -2.1636e+00  -4.7088e-01  -5.8266e+00   2.4269e+00   1.0371e+00
#         ell        C_l_a        C_l_x
   0.0000e+00   7.7095e-06   1.2301e-07
   1.0000e+00   1.1391e-05   2.2626e-07
   2.0000e+00   1.4811e-05   3.2162e-07
   3.0000e+00   1.7979e-05   4.0943e-07
   4.0000e+00   2.0906e-05   4.9004e-07
   5.0000e+00   2.3603e-05   5.6379e-07
   6.0000e+00   2.6080e-05   6.3102e-07
   7.0000e+00   2.8347e-05   6.9209e-07
   8.0000e+00   3.0415e-05   7.4733e-07
   9.0000e+00   3.2294e-05   7.9710e-07
   1.0000e+01   3.3995e-05   8.4173e-07
   1.1000e+01   3.5529e-05   8.8158e-07
   1.2000e+01   3.6905e-05   9.1699e-07
   1.3000e+01   3.8135e-05   9.4829e-07
   1.4000e+01   3.9227e-05   9.7578e-07
   1.5000e+01   4.0190e-05   9.9975e-07
   1.6000e+01   4.1032e-05   1.0204e-06
   1.7000e+01   4.1760e-05   1.0381e-06
   1.8000e+01   4.2382e-05   1.0529e-06
   1.9000e+01   4.2905e-05   1.0651e-06
   2.0000e+01   4.3334e-05   1.0748e-06
   2.1000e+01   4.3675e-05   1.0822e-06
   2.2000e+01   4.3934e-05   1.0874e-06
   2.3000e+01   4.4117e-05   1.0907e-06
   2.4000e+01   4.4227e-05   1.0921e-06
   2.5000e+01   4.4271e-05   1.0918e-06
   2.6000e+01   4.4253e-05   1.0899e-06
   2.7000e+01   4.4177e-05   1.0865e-06
   2.8000e+01   4.4048e-05   1.0818e-06
   2.9000e+01   4.3870e-05   1.0759e-06
   3.0000e+01   4.3646e-05   1.0688e-06
   3.1000e+01   4.3381e-05   1.0607e-06
   3.2000e+01   4.3079e-05   1.0516e-06
   3.3000e+01   4.2742e-05   1.0417e-06
   3.4000e+01   4.2374e-05   1.0311e-06
   3.5000e+01   4.1978e-05   1.0197e-06
   3.6000e+01   4.1558e-05   1.0078e-06
   3.7000e+01   4.1116e-05   9.9540e-07
   3.8000e+01   4.0656e-05   9.8252e-07
   3.9000e+01   4.0179e-05   9.6928e-07
   4.0000e+01   3.9689e-05   9.5572e-07
   4.1000e+01   3.9188e-05   9.4192e-07
   4.2000e+01   3.8678e-05   9.2794e-07
   4.3000e+01   3.8161e-05   9.1381e-07
   4.4000e+01   3.7639e-05   8.9961e-07
   4.5000e+01   3.7115e-05   8.8537e-07
   4.6000e+01   3.6589e-05   8.7114e-07
   4.7000e+01   3.6064e-05   8.5696e-07
   4.8000e+01   3.5542e-05   8.4286e-07
   4.9000e+01   3.5023e-05   8.2889e-07
   5.0000e+01   3.4508e-05   8.1507e-07
   5.1000e+01   3.4000e-05   8.0143e-07
   5.2000e+01   3.3498e-05   7.8799e-07
   5.3000e+01   3.3004e-05   7.7478e-07
   5.4000e+01   3.2519e-05   7.6180e-07
   5.5000e+01   3.2043e-05   7.4909e-07
   5.6000e+01   3.1576e-05   7.3666e-07
   5.7000e+01   3.1120e-05   7.2451e-07
   5.8000e+01   3.0675e-05   7.1266e-07
   5.9000e+01   3.0241e-05   7.0113e-07
   6.0000e+01   2.9819e-05   6.8991e-07
   6.1000e+01   2.9408e-05   6.7901e-07
   6.2000e+01   2.9010e-05   6.6844e-07
   6.3000e+01   2.8624e-05   6.5821e-07
   6.4000e+01   2.8251e-05   6.4831e-07
   6.5000e+01   2.7891e-05   6.3874e-07
   6.6000e+01   2.7543e-05   6.2950e-07
   6.7000e+01   2.7208e-05   6.2059e-07
   6.8000e+01   2.6885e-05   6.1200e-07
   6.9000e+01   2.6575e-05   6.0374e-07
   7.0000e+01   2.6276e-05   5.9579e-07
   7.1000e+01   2.5990e-05   5.8814e-07
   7.2000e+01   2.5714e-05   5.8078e-07
   7.3000e+01   2.5450e-05   5.7371e-07
   7.4000e+01   2.5196e-05   5.6691e-07
   7.5000e+01   2.4952e-05   5.6037e-07
   7.6000e+01   2.4717e-05   5.5408e-07
   7.7000e+01   2.4492e-05   5.4803e-07
   7.8000e+01   2.4275e-05   5.4220e-07
   7.9000e+01   2.4066e-05   5.3659e-07
   8.0000e+01   2.3865e-05   5.3119e-07
   8.1000e+01   2.3672e-05   5.2597e-07
   8.2000e+01   2.3485e-05   5.2094e-07
   8.3000e+01   2.3305e-05   5.1608e-07
   8.4000e+01   2.3131e-05   5.1138e-07
   8.5000e+01   2.2962e-05   5.0682e-07
   8.6000e+01   2.2799e-05   5.0240e-07
   8.7000e+01   2.2641e-05   4.9810e-07
   8.8000e+01   2.2487e-05   4.9392e-07
   8.9000e+01   2.2337e-05   4.8984e-07
   9.0000e+01   2.2191e-05   4.8586e-07
   9.1000e+01   2.2048e-05   4.8196e-07
   9.2000e+01   2.1908e-05   4.7813e-07
   9.3000e+01   2.1770e-05   4.7437e-07
   9.4000e+01   2.1634e-05   4.7066e-07
   9.5000e+01   2.1500e-05   4.6700e-07
   9.6000e+01   2.1367e-05   4.6338e-07
   9.7000e+01   2.1235e-05   4.5979e-07
   9.8000e+01   2.1104e-05   4.5623e-07
   9.9000e+01   2.0972e-05   4.5268e-07
   1.0000e+02   2.0841e-05   4.4913e-07
   1.0100e+02   2.0710e-05   4.4559e-07
   1.0200e+02   2.0577e-05   4.4205e-07
   1.0300e+02   2.0445e-05   4.3850e-07
   1.0400e+02   2.0311e-05   4.3494e-07
   1.0500e+02   2.0176e-05   4.3137e-07
   1.0600e+02   2.0040e-05   4.2778e-07
   1.0700e+02   1.9903e-05   4.2417e-07
   1.0800e+02   1.9765e-05   4.2053e-07
   1.0900e+02   1.9625e-05   4.1686e-07
   1.1000e+02   1.9483e-05   4.1317e-07
   1.1100e+02   1.9340e-05   4.0945e-07
   1.1200e+02   1.9195e-05   4.0571e-07
   1.1300e+02   1.9049e-05   4.0194e-07
   1.1400e+02   1.8902e-05   3.9815e-07
   1.1500e+02   1.8753e-05   3.9433e-07
   1.1600e+02   1.8604e-05   3.9049e-07
   1.1700e+02   1.8452e-05   3.8663e-07
   1.1800e+02   1.8300e-05   3.8275e-07
   1.1900e+02   1.8147e-05   3.7886e-07
   1.2000e+02   1.7992e-05   3.7495e-07
   1.2100e+02   1.7837e-05   3.7103e-07
   1.2200e+02   1.7682e-05   3.6711e-07
   1.2300e+02   1.7526e-05   3.6318e-07
   1.2400e+02   1.7369e-05   3.5925e-07
   1.2500e+02   1.7213e-05   3.5532e-07
   1.2600e+02   1.7056e-05   3.5140e-07
   1.2700e+02   1.6900e-05   3.4748e-07
   1.2800e+02   1.6743e-05   3.4358e-07
   1.2900e+02   1.6587e-05   3.3970e-07
   1.3000e+02   1.6432e-05   3.3583e-07
   1.3100e+02   1.6277e-05   3.3198e-07
   1.3200e+02   1.6124e-05   3.2816e-07
   1.3300e+02   1.5971e-05   3.2437e-07
   1.3400e+02   1.5819e-05   3.2061e-07
   1.3500e+02   1.5669e-05   3.1688e-07
   1.3600e+02   1.5521e-05   3.1320e-07
   1.3700e+02   1.5374e-05   3.0955e-07
   1.3800e+02   1.5228e-05   3.0595e-07
   1.3900e+02   1.5085e-05   3.0240e-07
   1.4000e+02   1.4943e-05   2.9889e-07
   1.4100e+02   1.4803e-05   2.9543e-07
   1.4200e+02   1.4665e-05   2.9203e-07
   1.4300e+02   1.4530e-05   2.8867e-07
   1.4400e+02   1.4397e-05   2.8538e-07
   1.4500e+02   1.4266e-05   2.8214e-07
   1.4600e+02   1.4137e-05   2.7896e-07
   1.4700e+02   1.4011e-05   2.7584e-07
   1.4800e+02   1.3887e-05   2.7279e-07
   1.4900e+02   1.3766e-05   2.6980e-07
   1.5000e+02   1.3648e-05   2.6687e-07
   1.5100e+02   1.3532e-05   2.6401e-07
   1.5200e+02   1.3418e-05   2.6121e-07
   1.5300e+02   1.3308e-05   2.5847e-07
   1.5400e+02   1.3200e-05   2.5580e-07
   1.5500e+02   1.3094e-05   2.5319e-07
   1.5600e+02   1.2991e-05   2.5064e-07
   1.5700e+02   1.2891e-05   2.4816e-07
   1.5800e+02   1.2794e-05   2.4575e-07
   1.5900e+02   1.2700e-05   2.4340e-07
   1.6000e+02   1.2608e-05   2.4111e-07
   1.6100e+02   1.2518e-05   2.3889e-07
   1.6200e+02   1.2432e-05   2.3673e-07
   1.6300e+02   1.2347e-05   2.3462e-07
   1.6400e+02   1.2266e-05   2.3258e-07
   1.6500e+02   1.2186e-05   2.3059e-07
   1.6600e+02   1.2109e-05   2.2865e-07
   1.6700e+02   1.2035e-05   2.2677e-07
   1.6800e+02   1.1962e-05   2.2494e-07
   1.6900e+02   1.1892e-05   2.2316e-07
   1.7000e+02   1.1824e-05   2.2143e-07
   1.7100e+02   1.1758e-05   2.1975e-07
   1.7200e+02   1.1694e-05   2.1811e-07
   1.7300e+02   1.1632e-05   2.1652e-07
   1.7400e+02   1.1571e-05   2.1497e-07
   1.7500e+02   1.1512e-05   2.1346e-07
   1.7600e+02   1.1455e-05   2.1198e-07
   1.7700e+02   1.1400e-05   2.1054e-07
   1.7800e+02   1.1346e-05   2.0914e-07
   1.7900e+02   1.1293e-05   2.0777e-07
   1.8000e+02   1.1241e-05   2.0643e-07
   1.8100e+02   1.1191e-05   2.0511e-07
   1.8200e+02   1.1142e-05   2.0382e-07
   1.8300e+02   1.1093e-05   2.0256e-07
   1.8400e+02   1.1045e-05   2.0132e-07
   1.8500e+02   1.0998e-05   2.0010e-07
   1.8600e+02   1.0952e-05   1.9889e-07
   1.8700e+02   1.0907e-05   1.9771e-07
   1.8800e+02   1.0862e-05   1.9654e-07
   1.8900e+02   1.0817e-05   1.9538e-07
   1.9000e+02   1.0773e-05   1.9424e-07
   1.9100e+02   1.0729e-05   1.9311e-07
   1.9200e+02   1.0686e-05   1.9199e-07
   1.9300e+02   1.0642e-05   1.9088e-07
   1.9400e+02   1.0599e-05   1.8978e-07
   1.9500e+02   1.0556e-05   1.8869e-07
   1.9600e+02   1.0513e-05   1.8760e-07
   1.9700e+02   1.0470e-05   1.8651e-07
   1.9800e+02   1.0427e-05   1.8543e-07
   1.9900e+02   1.0383e-05   1.8434e-07
   2.0000e+02   1.0340e-05   1.8326e-07
   2.0100e+02   1.0296e-05   1.8218e-07
   2.0200e+02   1.0252e-05   1.8109e-07
   2.0300e+02   1.0208e-05   1.8001e-07
   2.0400e+02   1.0163e-05   1.7892e-07
   2.0500e+02   1.0118e-05   1.7784e-07
   2.0600e+02   1.0074e-05   1.7675e-07
   2.0700e+02   1.0028e-05   1.7566e-07
   2.0800e+02   9.9830e-06   1.7458e-07
   2.0900e+02   9.9374e-06   1.7349e-07
   2.1000e+02   9.8916e-06   1.7239e-07
   2.1100e+02   9.8456e-06   1.7130e-07
   2.1200e+02   9.7993e-06   1.7021e-07
   2.1300e+02   9.7528e-06   1.6911e-07
   2.1400e+02   9.7061e-06   1.6801e-07
   2.1500e+02   9.6592e-06   1.6691e-07
   2.1600e+02   9.6121e-06   1.6581e-07
   2.1700e+02   9.5648e-06   1.6470e-07
   2.1800e+02   9.5174e-06   1.6360e-07
   2.1900e+02   9.4698e-06   1.6249e-07
   2.2000e+02   9.4222e-06   1.6139e-07
   2.2100e+02   9.3746e-06   1.6029e-07
   2.2200e+02   9.3269e-06   1.5918e-07
   2.2300e+02   9.2792e-06   1.5808e-07
   2.2400e+02   9.2316e-06   1.5698e-07
   2.2500e+02   9.1840e-06   1.5589e-07
   2.2600e+02   9.1366e-06   1.5479e-07
   2.2700e+02   9.0893e-06   1.5371e-07
   2.2800e+02   9.0422e-06   1.5262e-07
   2.2900e+02   8.9953e-06   1.5154e-07
   2.3000e+02   8.9486e-06   1.5047e-07
   2.3100e+02   8.9022e-06   1.4940e-07
   2.3200e+02   8.8561e-06   1.4834e-07
   2.3300e+02   8.8103e-06   1.4729e-07
   2.3400e+02   8.7649e-06   1.4624e-07
   2.3500e+02   8.7199e-06   1.4520e-07
   2.3600e+02   8.6752e-06   1.4417e-07
   2.3700e+02   8.6309e-06   1.4315e-07
   2.3800e+02   8.5871e-06   1.4213e-07
   2.3900e+02   8.5436e-06   1.4113e-07
   2.4000e+02   8.5007e-06   1.4013e-07
   2.4100e+02   8.4582e-06   1.3915e-07
   2.4200e+02   8.4162e-06   1.3817e-07
   2.4300e+02   8.3747e-06   1.3721e-07
   2.4400e+02   8.3338e-06   1.3625e-07
   2.4500e+02   8.2934e-06   1.3531e-07
   2.4600e+02   8.2535e-06   1.3438e-07
   2.4700e+02   8.2143e-06   1.3346e-07
   2.4800e+02   8.1756e-06   1.3255e-07
   2.4900e+02   8.1376e-06   1.3166e-07
   2.5000e+02   8.1002e-06   1.3077e-07
   2.5100e+02   8.0634e-06   1.2990e-07
   2.5200e+02   8.0273e-06   1.2905e-07
   2.5300e+02   7.9919e-06   1.2821e-07
   2.5400e+02   7.9570e-06   1.2738e-07
   2.5500e+02   7.9228e-06   1.2656e-07
   2.5600e+02   7.8892e-06   1.2576e-07
   2.5700e+02   7.8562e-06   1.2496e-07
   2.5800e+02   7.8238e-06   1.2418e-07
   2.5900e+02   7.7920e-06   1.2342e-07
   2.6000e+02   7.7608e-06   1.2266e-07
   2.6100e+02   7.7301e-06   1.2192e-07
   2.6200e+02   7.7000e-06   1.2119e-07
   2.6300e+02   7.6705e-06   1.2047e-07
   2.6400e+02   7.6415e-06   1.1976e-07
   2.6500e+02   7.6130e-06   1.1906e-07
   2.6600e+02   7.5850e-06   1.1837e-07
   2.6700e+02   7.5576e-06   1.1770e-07
   2.6800e+02   7.5306e-06   1.1704e-07
   2.6900e+02   7.5041e-06   1.1638e-07
   2.7000e+02   7.4782e-06   1.1574e-07
   2.7100e+02   7.4527e-06   1.1511e-07
   2.7200e+02   7.4276e-06   1.1449e-07
   2.7300e+02   7.4030e-06   1.1388e-07
   2.7400e+02   7.3789e-06   1.1327e-07
   2.7500e+02   7.3551e-06   1.1268e-07
   2.7600e+02   7.3317e-06   1.1210e-07
   2.7700e+02   7.3087e-06   1.1152e-07
   2.7800e+02   7.2861e-06   1.1096e-07
   2.7900e+02   7.2638e-06   1.1040e-07
   2.8000e+02   7.2418e-06   1.0985e-07
   2.8100e+02   7.2201e-06   1.0931e-07
   2.8200e+02   7.1987e-06   1.0877e-07
   2.8300e+02   7.1776e-06   1.0824e-07
   2.8400e+02   7.1567e-06   1.0772e-07
   2.8500e+02   7.1361e-06   1.0721e-07
   2.8600e+02   7.1156e-06   1.0670e-07
   2.8700e+02   7.0954e-06   1.0619e-07
   2.8800e+02   7.0754e-06   1.0570e-07
   2.8900e+02   7.0555e-06   1.0520e-07
   2.9000e+02   7.0358e-06   1.0472e-07
   2.9100e+02   7.0163e-06   1.0423e-07
   2.9200e+02   6.9968e-06   1.0375e-07
   2.9300e+02   6.9774e-06   1.0328e-07
   2.9400e+02   6.9582e-06   1.0281e-07
   2.9500e+02   6.9390e-06   1.0234e-07
   2.9600e+02   6.9200e-06   1.0188e-07
   2.9700e+02   6.9010e-06   1.0142e-07
   2.9800e+02   6.8821e-06   1.0097e-07
   2.9900e+02   6.8633e-06   1.0051e-07
   3.0000e+02   6.8446e-06   1.0006e-07
   3.0100e+02   6.8259e-06   9.9619e-08
   3.0200e+02   6.8073e-06   9.9177e-08
   3.0300e+02   6.7888e-06   9.8737e-08
   3.0400e+02   6.7703e-06   9.8301e-08
   3.0500e+02   6.7519e-06   9.7867e-08
   3.0600e+02   6.7336e-06   9.7435e-08
   3.0700e+02   6.7152e-06   9.7007e-08
   3.0800e+02   6.6970e-06   9.6580e-08
   3.0900e+02   6.6788e-06   9.6156e-08
   3.1000e+02   6.6606e-06   9.5734e-08
   3.1100e+02   6.6424e-06   9.5314e-08
   3.1200e+02   6.6243e-06   9.4895e-08
   3.1300e+02   6.6062e-06   9.4479e-08
   3.1400e+02   6.5881e-06   9.4064e-08
   3.1500e+02   6.5700e-06   9.3651e-08
   3.1600e+02   6.5520e-06   9.3239e-08
   3.1700e+02   6.5339e-06   9.2829e-08
   3.1800e+02   6.5159e-06   9.2420e-08
   3.1900e+02   6.4979e-06   9.2013e-08
   3.2000e+02   6.4800e-06   9.1607e-08
   3.2100e+02   6.4621e-06   9.1203e-08
   3.2200e+02   6.4442e-06   9.0801e-08
   3.2300e+02   6.4263e-06   9.0400e-08
   3.2400e+02   6.4085e-06   9.0002e-08
   3.2500e+02   6.3908e-06   8.9604e-08
   3.2600e+02   6.3731e-06   8.9209e-08
   3.2700e+02   6.3555e-06   8.8816e-08
   3.2800e+02   6.3380e-06   8.8424e-08
   3.2900e+02   6.3205e-06   8.8035e-08
   3.3000e+02   6.3031e-06   8.7647e-08
   3.3100e+02   6.2857e-06   8.7262e-08
   3.3200e+02   6.2685e-06   8.6878e-08
   3.3300e+02   6.2513e-06   8.6497e-08
   3.3400e+02   6.2343e-06   8.6117e-08
   3.3500e+02   6.2173e-06   8.5740e-08
   3.3600e+02   6.2004e-06   8.5365e-08
   3.3700e+02   6.1837e-06   8.4992e-08
   3.3800e+02   6.1670e-06   8.4622e-08
   3.3900e+02   6.1505e-06   8.4254e-08
   3.4000e+02   6.1341e-06   8.3888e-08
   3.4100e+02   6.1178e-06   8.3524e-08
   3.4200e+02   6.1016e-06   8.3163e-08
   3.4300e+02   6.0856e-06   8.2804e-08
   3.4400e+02   6.0696e-06   8.2448e-08
   3.4500e+02   6.0538e-06   8.2094e-08
   3.4600e+02   6.0382e-06   8.1743e-08
   3.4700e+02   6.0226e-06   8.1394e-08
   3.4800e+02   6.0072e-06   8.1048e-08
   3.4900e+02   5.9919e-06   8.0704e-08
   3.5000e+02   5.9767e-06   8.0362e-08
   3.5100e+02   5.9617e-06   8.0023e-08
   3.5200e+02   5.9468e-06   7.9687e-08
   3.5300e+02   5.9320e-06   7.9353e-08
   3.5400e+02   5.9174e-06   7.9022e-08
   3.5500e+02   5.9029e-06   7.8694e-08
   3.5600e+02   5.8885e-06   7.8368e-08
   3.5700e+02   5.8742e-06   7.8044e-08
   3.5800e+02   5.8601e-06   7.7724e-08
   3.5900e+02   5.8462e-06   7.7406e-08
   3.6000e+02   5.8323e-06   7.7091e-08
   3.6100e+02   5.8186e-06   7.6778e-08
   3.6200e+02   5.8050e-06   7.6468e-08
   3.6300e+02   5.7916e-06   7.6161e-08
   3.6400e+02   5.7783e-06   7.5857e-08
   3.6500e+02   5.7651e-06   7.5555e-08
   3.6600e+02   5.7521e-06   7.5256e-08
   3.6700e+02   5.7393e-06   7.4960e-08
   3.6800e+02   5.7265e-06   7.4667e-08
   3.6900e+02   5.7139e-06   7.4376e-08
   3.7000e+02   5.7014e-06   7.4089e-08
   3.7100e+02   5.6891e-06   7.3803e-08
   3.7200e+02   5.6769e-06   7.3521e-08
   3.7300e+02   5.6648e-06   7.3241e-08
   3.7400e+02   5.6529e-06   7.2964e-08
   3.7500e+02   5.6411e-06   7.2690e-08
   3.7600e+02   5.6293e-06   7.2418e-08
   3.7700e+02   5.6178e-06   7.2149e-08
   3.7800e+02   5.6063e-06   7.1882e-08
   3.7900e+02   5.5949e-06   7.1617e-08
   3.8000e+02   5.5836e-06   7.1355e-08
   3.8100e+02   5.5725e-06   7.1095e-08
   3.8200e+02   5.5614e-06   7.0838e-08
   3.8300e+02   5.5505e-06   7.0583e-08
   3.8400e+02   5.5396e-06   7.0330e-08
   3.8500e+02   5.5289e-06   7.0080e-08
   3.8600e+02   5.5182e-06   6.9832e-08
   3.8700e+02   5.5076e-06   6.9586e-08
   3.8800e+02   5.4971e-06   6.9342e-08
   3.8900e+02   5.4867e-06   6.9100e-08
   3.9000e+02   5.4764e-06   6.8861e-08
   3.9100e+02   5.4662e-06   6.8623e-08
   3.9200e+02   5.4560e-06   6.8388e-08
   3.9300e+02   5.4459e-06   6.8154e-08
   3.9400e+02   5.4359e-06   6.7923e-08
   3.9500e+02   5.4259e-06   6.7693e-08
   3.9600e+02   5.4160e-06   6.7466e-08
   3.9700e+02   5.4062e-06   6.7240e-08
   3.9800e+02   5.3964e-06   6.7016e-08
   3.9900e+02   5.3867e-06   6.6794e-08
   4.0000e+02   5.3771e-06   6.6573e-08
   4.0100e+02   5.3675e-06   6.6355e-08
   4.0200e+02   5.3580e-06   6.6138e-08
   4.0300e+02   5.3485e-06   6.5923e-08
   4.0400e+02   5.3391e-06   6.5710e-08
   4.0500e+02   5.3297e-06   6.5498e-08
   4.0600e+02   5.3204e-06   6.5288e-08
   4.0700e+02   5.3112e-06   6.5079e-08
   4.0800e+02   5.3020e-06   6.4872e-08
   4.0900e+02   5.2929e-06   6.4667e-08
   4.1000e+02   5.2838e-06   6.4463e-08
   4.1100e+02   5.2748e-06   6.4260e-08
   4.1200e+02   5.2658e-06   6.4059e-08
   4.1300e+02   5.2568e-06   6.3860e-08
   4.1400e+02   5.2479e-06   6.3661e-08
   4.1500e+02   5.2391e-06   6.3464e-08
   4.1600e+02   5.2303e-06   6.3269e-08
   4.1700e+02   5.2216e-06   6.3075e-08
   4.1800e+02   5.2129e-06   6.2882e-08
   4.1900e+02   5.2042e-06   6.2690e-08
   4.2000e+02   5.1956e-06   6.2500e-08
   4.2100e+02   5.1870e-06   6.2311e-08
   4.2200e+02   5.1785e-06   6.2123e-08
   4.2300e+02   5.1700e-06   6.1936e-08
   4.2400e+02   5.1616e-06   6.1750e-08
   4.2500e+02   5.1531e-06   6.1565e-08
   4.2600e+02   5.1448e-06   6.1382e-08
   4.2700e+02   5.1364e-06   6.1199e-08
   4.2800e+02   5.1281e-06   6.1018e-08
   4.2900e+02   5.1199e-06   6.0837e-08
   4.3000e+02   5.1117e-06   6.0657e-08
   4.3100e+02   5.1035e-06   6.0479e-08
   4.3200e+02   5.0953e-06   6.0301e-08
   4.3300e+02   5.0872e-06   6.0124e-08
   4.3400e+02   5.0791e-06   5.9949e-08
   4.3500e+02   5.0711e-06   5.9774e-08
   4.3600e+02   5.0631e-06   5.9600e-08
   4.3700e+02   5.0551e-06   5.9427e-08
   4.3800e+02   5.0472e-06   5.9255e-08
   4.3900e+02   5.0393e-06   5.9084e-08
   4.4000e+02   5.0315e-06   5.8914e-08
   4.4100e+02   5.0237e-06   5.8745e-08
   4.4200e+02   5.0159e-06   5.8577e-08
   4.4300e+02   5.0082e-06   5.8410e-08
   4.4400e+02   5.0005e-06   5.8244e-08
   4.4500e+02   4.9928e-06   5.8079e-08
   4.4600e+02   4.9852e-06   5.7915e-08
   4.4700e+02   4.9777e-06   5.7751e-08
   4.4800e+02   4.9701e-06   5.7589e-08
   4.4900e+02   4.9626e-06   5.7428e-08
   4.5000e+02   4.9552e-06   5.7267e-08
   4.5100e+02   4.9478e-06   5.7107e-08
   4.5200e+02   4.9404e-06   5.6949e-08
   4.5300e+02   4.9331e-06   5.6791e-08
   4.5400e+02   4.9258e-06   5.6634e-08
   4.5500e+02   4.9186e-06   5.6478e-08
   4.5600e+02   4.9114e-06   5.6323e-08
   4.5700e+02   4.9042e-06   5.6169e-08
   4.5800e+02   4.8971e-06   5.6016e-08
   4.5900e+02   4.8900e-06   5.5864e-08
   4.6000e+02   4.8830e-06   5.5713e-08
   4.6100e+02   4.8760e-06   5.5562e-08
   4.6200e+02   4.8691e-06   5.5413e-08
   4.6300e+02   4.8622e-06   5.5264e-08
   4.6400e+02   4.8553e-06   5.5117e-08
   4.6500e+02   4.8485e-06   5.4970e-08
   4.6600e+02   4.8417e-06   5.4824e-08
   4.6700e+02   4.8350e-06   5.4679e-08
   4.6800e+02   4.8283e-06   5.4535e-08
   4.6900e+02   4.8216e-06   5.4392e-08
   4.7000e+02   4.8150e-06   5.4250e-08
   4.7100e+02   4.8085e-06   5.4108e-08
   4.7200e+02   4.8019e-06   5.3967e-08
   4.7300e+02   4.7955e-06   5.3828e-08
   4.7400e+02   4.7890e-06   5.3689e-08
   4.7500e+02   4.7826e-06   5.3551e-08
   4.7600e+02   4.7762e-06   5.3414e-08
   4.7700e+02   4.7699e-06   5.3277e-08
   4.7800e+02   4.7636e-06   5.3142e-08
   4.7900e+02   4.7574e-06   5.3007e-08
   4.8000e+02   4.7512e-06   5.2874e-08
   4.8100e+02   4.7450e-06   5.2741e-08
   4.8200e+02   4.7389e-06   5.2609e-08
   4.8300e+02   4.7328e-06   5.2477e-08
   4.8400e+02   4.7267e-06   5.2347e-08
   4.8500e+02   4.7207e-06   5.2217e-08
   4.8600e+02   4.7147e-06   5.2089e-08
   4.8700e+02   4.7087e-06   5.1961e-08
   4.8800e+02   4.7028e-06   5.1833e-08
   4.8900e+02   4.6969e-06   5.1707e-08
   4.9000e+02   4.6910e-06   5.1581e-08
   4.9100e+02   4.6852e-06   5.1457e-08
   4.9200e+02   4.6794e-06   5.1333e-08
   4.9300e+02   4.6737e-06   5.1209e-08
   4.9400e+02   4.6680e-06   5.1087e-08
   4.9500e+02   4.6623e-06   5.0965e-08
   4.9600e+02   4.6566e-06   5.0845e-08
   4.9700e+02   4.6510e-06   5.0724e-08
   4.9800e+02   4.6454e-06   5.0605e-08
   4.9900e+02   4.6399e-06   5.0487e-08
   5.0000e+02   4.6343e-06   5.0369e-08
   5.0100e+02   4.6288e-06   5.0252e-08
   5.0200e+02   4.6234e-06   5.0136e-08
   5.0300e+02   4.6179e-06   5.0020e-08
   5.0400e+02   4.6125e-06   4.9905e-08
   5.0500e+02   4.6072e-06   4.9791e-08
   5.0600e+02   4.6018e-06   4.9678e-08
   5.0700e+02   4.5965e-06   4.9565e-08
   5.0800e+02   4.5912e-06   4.9453e-08
   5.0900e+02   4.5860e-06   4.9342e-08
   5.1000e+02   4.5807e-06   4.9232e-08
   5.1100e+02   4.5755e-06   4.9122e-08
   5.1200e+02   4.5704e-06   4.9013e-08
   5.1300e+02   4.5652e-06   4.8905e-08
   5.1400e+02   4.5601e-06   4.8797e-08
   5.1500e+02   4.5550e-06   4.8690e-08
   5.1600e+02   4.5499e-06   4.8583e-08
   5.1700e+02   4.5449e-06   4.8478e-08
   5.1800e+02   4.5399e-06   4.8373e-08
   5.1900e+02   4.5349e-06   4.8268e-08
   5.2000e+02   4.5300e-06   4.8165e-08
   5.2100e+02   4.5250e-06   4.8062e-08
   5.2200e+02   4.5201e-06   4.7959e-08
   5.2300e+02   4.5152e-06   4.7857e-08
   5.2400e+02   4.5104e-06   4.7756e-08
   5.2500e+02   4.5056e-06   4.7655e-08
   5.2600e+02   4.5007e-06   4.7556e-08
   5.2700e+02   4.4960e-06   4.7456e-08
   5.2800e+02   4.4912e-06   4.7357e-08
   5.2900e+02   4.4865e-06   4.7259e-08
   5.3000e+02   4.4818e-06   4.7162e-08
   5.3100e+02   4.4771e-06   4.7065e-08
   5.3200e+02   4.4724e-06   4.6968e-08
   5.3300e+02   4.4678e-06   4.6873e-08
   5.3400e+02   4.4632e-06   4.6777e-08
   5.3500e+02   4.4586e-06   4.6683e-08
   5.3600e+02   4.4540e-06   4.6589e-08
   5.3700e+02   4.4494e-06   4.6495e-08
   5.3800e+02   4.4449e-06   4.6402e-08
   5.3900e+02   4.4404e-06   4.6309e-08
   5.4000e+02   4.4359e-06   4.6217e-08
   5.4100e+02   4.4314e-06   4.6126e-08
   5.4200e+02   4.4270e-06   4.6035e-08
   5.4300e+02   4.4226e-06   4.5945e-08
   5.4400e+02   4.4182e-06   4.5855e-08
   5.4500e+02   4.4138e-06   4.5766e-08
   5.4600e+02   4.4094e-06   4.5677e-08
   5.4700e+02   4.4051e-06   4.5589e-08
   5.4800e+02   4.4007e-06   4.5501e-08
   5.4900e+02   4.3964e-06   4.5414e-08
   5.5000e+02   4.3922e-06   4.5327e-08
   5.5100e+02   4.3879e-06   4.5241e-08
   5.5200e+02   4.3837e-06   4.5155e-08
   5.5300e+02   4.3795e-06   4.5070e-08
   5.5400e+02   4.3753e-06   4.4985e-08
   5.5500e+02   4.3711e-06   4.4901e-08
   5.5600e+02   4.3669e-06   4.4817e-08
   5.5700e+02   4.3628e-06   4.4733e-08
   5.5800e+02   4.3587e-06   4.4651e-08
   5.5900e+02   4.3546e-06   4.4568e-08
   5.6000e+02   4.3505e-06   4.4487e-08
   5.6100e+02   4.3465e-06   4.4405e-08
   5.6200e+02   4.3424e-06   4.4324e-08
   5.6300e+02   4.3384e-06   4.4244e-08
   5.6400e+02   4.3344e-06   4.4164e-08
   5.6500e+02   4.3304e-06   4.4084e-08
   5.6600e+02   4.3265e-06   4.4005e-08
   5.6700e+02   4.3226e-06   4.3927e-08
   5.6800e+02   4.3186e-06   4.3849e-08
   5.6900e+02   4.3148e-06   4.3771e-08
   5.7000e+02   4.3109e-06   4.3694e-08
   5.7100e+02   4.3070e-06   4.3617e-08
   5.7200e+02   4.3032e-06   4.3541e-08
   5.7300e+02   4.2994e-06   4.3465e-08
   5.7400e+02   4.2956e-06   4.3389e-08
   5.7500e+02   4.2918e-06   4.3314e-08
   5.7600e+02   4.2881e-06   4.3240e-08
   5.7700e+02   4.2843e-06   4.3165e-08
   5.7800e+02   4.2806e-06   4.3092e-08
   5.7900e+02   4.2769e-06   4.3018e-08
   5.8000e+02   4.2733e-06   4.2945e-08
   5.8100e+02   4.2696e-06   4.2873e-08
   5.8200e+02   4.2660e-06   4.2801e-08
   5.8300e+02   4.2624e-06   4.2729e-08
   5.8400e+02   4.2588e-06   4.2658e-08
   5.8500e+02   4.2552e-06   4.2587e-08
   5.8600e+02   4.2516e-06   4.2517e-08
   5.8700e+02   4.2481e-06   4.2446e-08
   5.8800e+02   4.2446e-06   4.2377e-08
   5.8900e+02   4.2411e-06   4.2308e-08
   5.9000e+02   4.2376e-06   4.2239e-08
   5.9100e+02   4.2342e-06   4.2170e-08
   5.9200e+02   4.2307e-06   4.2102e-08
   5.9300e+02   4.2273e-06   4.2034e-08
   5.9400e+02   4.2239e-06   4.1967e-08
   5.9500e+02   4.2205e-06   4.1900e-08
   5.9600e+02   4.2171e-06   4.1833e-08
   5.9700e+02   4.2138e-06   4.1767e-08
   5.9800e+02   4.2104e-06   4.1701e-08
   5.9900e+02   4.2071e-06   4.1636e-08
   6.0000e+02   4.2038e-06   4.1571e-08
   6.0100e+02   4.2005e-06   4.1506e-08
   6.0200e+02   4.1972e-06   4.1442e-08
   6.0300e+02   4.1940e-06   4.1378e-08
   6.0400e+02   4.1907e-06   4.1314e-08
   6.0500e+02   4.1875e-06   4.1251e-08
   6.0600e+02   4.1843e-06   4.1188e-08
   6.0700e+02   4.1811e-06   4.1125e-08
   6.0800e+02   4.1779e-06   4.1063e-08
   6.0900e+02   4.1748e-06   4.1001e-08
   6.1000e+02   4.1716e-06   4.0939e-08
   6.1100e+02   4.1685e-06   4.0878e-08
   6.1200e+02   4.1654e-06   4.0817e-08
   6.1300e+02   4.1623e-06   4.0757e-08
   6.1400e+02   4.1592e-06   4.0696e-08
   6.1500e+02   4.1561e-06   4.0637e-08
   6.1600e+02   4.1531e-06   4.0577e-08
   6.1700e+02   4.1500e-06   4.0518e-08
   6.1800e+02   4.1470e-06   4.0459e-08
   6.1900e+02   4.1440e-06   4.0400e-08
   6.2000e+02   4.1410e-06   4.0342e-08
   6.2100e+02   4.1380e-06   4.0284e-08
   6.2200e+02   4.1350e-06   4.0226e-08
   6.2300e+02   4.1321e-06   4.0169e-08
   6.2400e+02   4.1291e-06   4.0112e-08
   6.2500e+02   4.1262e-06   4.0055e-08
   6.2600e+02   4.1233e-06   3.9998e-08
   6.2700e+02   4.1204e-06   3.9942e-08
   6.2800e+02   4.1175e-06   3.9886e-08
   6.2900e+02   4.1146e-06   3.9831e-08
   6.3000e+02   4.1117e-06   3.9775e-08
   6.3100e+02   4.1089e-06   3.9720e-08
   6.3200e+02   4.1060e-06   3.9665e-08
   6.3300e+02   4.1032e-06   3.9611e-08
   6.3400e+02   4.1004e-06   3.9557e-08
   6.3500e+02   4.0976e-06   3.9503e-08
   6.3600e+02   4.0948e-06   3.9449e-08
   6.3700e+02   4.0920e-06   3.9396e-08
   6.3800e+02   4.0892e-06   3.9343e-08
   6.3900e+02   4.0864e-06   3.9290e-08
   6.4000e+02   4.0837e-06   3.9238e-08
   6.4100e+02   4.0809e-06   3.9185e-08
   6.4200e+02   4.0782e-06   3.9133e-08
   6.4300e+02   4.0755e-06   3.9082e-08
   6.4400e+02   4.0728e-06   3.9030e-08
   6.4500e+02   4.0701e-06   3.8979e-08
   6.4600e+02   4.0674e-06   3.8928e-08
   6.4700e+02   4.0647e-06   3.8878e-08
   6.4800e+02   4.0620e-06   3.8827e-08
   6.4900e+02   4.0594e-06   3.8777e-08
   6.5000e+02   4.0567e-06   3.8727e-08
   6.5100e+02   4.0541e-06   3.8678e-08
   6.5200e+02   4.0515e-06   3.8628e-08
   6.5300e+02   4.0489e-06   3.8579e-08
   6.5400e+02   4.0463e-06   3.8530e-08
   6.5500e+02   4.0437e-06   3.8482e-08
   6.5600e+02   4.0411e-06   3.8433e-08
   6.5700e+02   4.0385e-06   3.8385e-08
   6.5800e+02   4.0359e-06   3.8337e-08
   6.5900e+02   4.0334e-06   3.8290e-08
   6.6000e+02   4.0308e-06   3.8242e-08
   6.6100e+02   4.0283e-06   3.8195e-08
   6.6200e+02   4.0258e-06   3.8148e-08
   6.6300e+02   4.0233e-06   3.8101e-08
   6.6400e+02   4.0207e-06   3.8055e-08
   6.6500e+02   4.0182e-06   3.8009e-08
   6.6600e+02   4.0158e-06   3.7963e-08
   6.6700e+02   4.0133e-06   3.7917e-08
   6.6800e+02   4.0108e-06   3.7871e-08
   6.6900e+02   4.0083e-06   3.7826e-08
   6.7000e+02   4.0059e-06   3.7781e-08
   6.7100e+02   4.0034e-06   3.7736e-08
   6.7200e+02   4.0010e-06   3.7691e-08
   6.7300e+02   3.9986e-06   3.7647e-08
   6.7400e+02   3.9961e-06   3.7602e-08
   6.7500e+02   3.9937e-06   3.7558e-08
   6.7600e+02   3.9913e-06   3.7515e-08
   6.7700e+02   3.9889e-06   3.7471e-08
   6.7800e+02   3.9865e-06   3.7428e-08
   6.7900e+02   3.9841e-06   3.7384e-08
   6.8000e+02   3.9818e-06   3.7341e-08
   6.8100e+02   3.9794e-06   3.7299e-08
   6.8200e+02   3.9770e-06   3.7256e-08
   6.8300e+02   3.9747e-06   3.7214e-08
   6.8400e+02   3.9723e-06   3.7171e-08
   6.8500e+02   3.9700e-06   3.7130e-08
   6.8600e+02   3.9677e-06   3.7088e-08
   6.8700e+02   3.9654e-06   3.7046e-08
   6.8800e+02   3.9630e-06   3.7005e-08
   6.8900e+02   3.9607e-06   3.6964e-08
   6.9000e+02   3.9584e-06   3.6923e-08
   6.9100e+02   3.9561e-06   3.6882e-08
   6.9200e+02   3.9539e-06   3.6841e-08
   6.9300e+02   3.9516e-06   3.6801e-08
   6.9400e+02   3.9493e-06   3.6761e-08
   6.9500e+02   3.9471e-06   3.6721e-08
   6.9600e+02   3.9448e-06   3.6681e-08
   6.9700e+02   3.9426e-06   3.6642e-08
   6.9800e+02   3.9403e-06   3.6603e-08
   6.9900e+02   3.9381e-06   3.6563e-08
   7.0000e+02   3.9359e-06   3.6524e-08
   7.0100e+02   3.9337e-06   3.6486e-08
   7.0200e+02   3.9315e-06   3.6447e-08
   7.0300e+02   3.9293e-06   3.6409e-08
   7.0400e+02   3.9271e-06   3.6371e-08
   7.0500e+02   3.9249e-06   3.6333e-08
   7.0600e+02   3.9227e-06   3.6295e-08
   7.0700e+02   3.9206e-06   3.6258e-08
   7.0800e+02   3.9184e-06   3.6220e-08
   7.0900e+02   3.9163e-06   3.6183e-08
   7.1000e+02   3.9141e-06   3.6146e-08
   7.1100e+02   3.9120e-06   3.6109e-08
   7.1200e+02   3.9099e-06   3.6073e-08
   7.1300e+02   3.9077e-06   3.6036e-08
   7.1400e+02   3.9056e-06   3.6000e-08
   7.1500e+02   3.9035e-06   3.5964e-08
   7.1600e+02   3.9014e-06   3.5929e-08
   7.1700e+02   3.8994e-06   3.5893e-08
   7.1800e+02   3.8973e-06   3.5858e-08
   7.1900e+02   3.8952e-06   3.5822e-08
   7.2000e+02   3.8931e-06   3.5787e-08
   7.2100e+02   3.8911e-06   3.5753e-08
   7.2200e+02   3.8890e-06   3.5718e-08
   7.2300e+02   3.8870e-06   3.5684e-08
   7.2400e+02   3.8850e-06   3.5649e-08
   7.2500e+02   3.8829e-06   3.5615e-08
   7.2600e+02   3.8809e-06   3.5582e-08
   7.2700e+02   3.8789e-06   3.5548e-08
   7.2800e+02   3.8769e-06   3.5514e-08
   7.2900e+02   3.8749e-06   3.5481e-08
   7.3000e+02   3.8729e-06   3.5448e-08
   7.3100e+02   3.8710e-06   3.5415e-08
   7.3200e+02   3.8690e-06   3.5382e-08
   7.3300e+02   3.8670e-06   3.5350e-08
   7.3400e+02   3.8651e-06   3.5318e-08
   7.3500e+02   3.8631e-06   3.5286e-08
   7.3600e+02   3.8612e-06   3.5254e-08
   7.3700e+02   3.8593e-06   3.5222e-08
   7.3800e+02   3.8573e-06   3.5190e-08
   7.3900e+02   3.8554e-06   3.5159e-08
   7.4000e+02   3.8535e-06   3.5128e-08
   7.4100e+02   3.8516e-06   3.5097e-08
   7.4200e+02   3.8497e-06   3.5066e-08
   7.4300e+02   3.8479e-06   3.5035e-08
   7.4400e+02   3.8460e-06   3.5005e-08
   7.4500e+02   3.8441e-06   3.4974e-08
   7.4600e+02   3.8423e-06   3.4944e-08
   7.4700e+02   3.8404e-06   3.4914e-08
   7.4800e+02   3.8386e-06   3.4885e-08
   7.4900e+02   3.8367e-06   3.4855e-08
   7.5000e+02   3.8349e-06   3.4826e-08
   7.5100e+02   3.8331e-06   3.4797e-08
   7.5200e+02   3.8313e-06   3.4768e-08
   7.5300e+02   3.8295e-06   3.4739e-08
   7.5400e+02   3.8277e-06   3.4710e-08
   7.5500e+02   3.8259e-06   3.4682e-08
   7.5600e+02   3.8241e-06   3.4653e-08
   7.5700e+02   3.8223e-06   3.4625e-08
   7.5800e+02   3.8206e-06   3.4597e-08
   7.5900e+02   3.8188e-06   3.4569e-08
   7.6000e+02   3.8171e-06   3.4542e-08
   7.6100e+02   3.8153e-06   3.4514e-08
   7.6200e+02   3.8136e-06   3.4487e-08
   7.6300e+02   3.8119e-06   3.4460e-08
   7.6400e+02   3.8102e-06   3.4433e-08
   7.6500e+02   3.8084e-06   3.4406e-08
   7.6600e+02   3.8067e-06   3.4380e-08
   7.6700e+02   3.8051e-06   3.4353e-08
   7.6800e+02   3.8034e-06   3.4327e-08
   7.6900e+02   3.8017e-06   3.4301e-08
   7.7000e+02   3.8000e-06   3.4275e-08
   7.7100e+02   3.7984e-06   3.4249e-08
   7.7200e+02   3.7967e-06   3.4224e-08
   7.7300e+02   3.7951e-06   3.4198e-08
   7.7400e+02   3.7934e-06   3.4173e-08
   7.7500e+02   3.7918e-06   3.4148e-08
   7.7600e+02   3.7902e-06   3.4123e-08
   7.7700e+02   3.7886e-06   3.4098e-08
   7.7800e+02   3.7870e-06   3.4073e-08
   7.7900e+02   3.7854e-06   3.4049e-08
   7.8000e+02   3.7838e-06   3.4025e-08
   7.8100e+02   3.7822e-06   3.4001e-08
   7.8200e+02   3.7806e-06   3.3977e-08
   7.8300e+02   3.7791e-06   3.3953e-08
   7.8400e+02   3.7775e-06   3.3929e-08
   7.8500e+02   3.7760e-06   3.3906e-08
   7.8600e+02   3.7744e-06   3.3882e-08
   7.8700e+02   3.7729e-06   3.3859e-08
   7.8800e+02   3.7714e-06   3.3836e-08
   7.8900e+02   3.7699e-06   3.3813e-08
   7.9000e+02   3.7684e-06   3.3791e-08
   7.9100e+02   3.7669e-06   3.3768e-08
   7.9200e+02   3.7654e-06   3.3746e-08
   7.9300e+02   3.7639e-06   3.3723e-08
   7.9400e+02   3.7624e-06   3.3701e-08
   7.9500e+02   3.7610e-06   3.3679e-08
   7.9600e+02   3.7595e-06   3.3657e-08
   7.9700e+02   3.7581e-06   3.3636e-08
   7.9800e+02   3.7566e-06   3.3614e-08
   7.9900e+02   3.7552e-06   3.3593e-08
   8.0000e+02   3.7537e-06   3.3572e-08
   8.0100e+02   3.7523e-06   3.3551e-08
   8.0200e+02   3.7509e-06   3.3530e-08
   8.0300e+02   3.7495e-06   3.3509e-08
   8.0400e+02   3.7481e-06   3.3488e-08
   8.0500e+02   3.7467e-06   3.3468e-08
   8.0600e+02   3.7453e-06   3.3447e-08
   8.0700e+02   3.7440e-06   3.3427e-08
   8.0800e+02   3.7426e-06   3.3407e-08
   8.0900e+02   3.7412e-06   3.3387e-08
   8.1000e+02   3.7399e-06   3.3367e-08
   8.1100e+02   3.7385e-06   3.3348e-08
   8.1200e+02   3.7372e-06   3.3328e-08
   8.1300e+02   3.7358e-06   3.3309e-08
   8.1400e+02   3.7345e-06   3.3290e-08
   8.1500e+02   3.7332e-06   3.3270e-08
   8.1600e+02   3.7319e-06   3.3251e-08
   8.1700e+02   3.7306e-06   3.3233e-08
   8.1800e+02   3.7293e-06   3.3214e-08
   8.1900e+02   3.7280e-06   3.3195e-08
   8.2000e+02   3.7267e-06   3.3177e-08
   8.2100e+02   3.7254e-06   3.3158e-08
   8.2200e+02   3.7241e-06   3.3140e-08
   8.2300e+02   3.7228e-06   3.3122e-08
   8.2400e+02   3.7216e-06   3.3104e-08
   8.2500e+02   3.7203e-06   3.3086e-08
   8.2600e+02   3.7191e-06   3.3068e-08
   8.2700e+02   3.7178e-06   3.3051e-08
   8.2800e+02   3.7166e-06   3.3033e-08
   8.2900e+02   3.7153e-06   3.3016e-08
   8.3000e+02   3.7141e-06   3.2999e-08
   8.3100e+02   3.7129e-06   3.2982e-08
   8.3200e+02   3.7116e-06   3.2964e-08
   8.3300e+02   3.7104e-06   3.2948e-08
   8.3400e+02   3.7092e-06   3.2931e-08
   8.3500e+02   3.7080e-06   3.2914e-08
   8.3600e+02   3.7068e-06   3.2898e-08
   8.3700e+02   3.7056e-06   3.2881e-08
   8.3800e+02   3.7044e-06   3.2865e-08
   8.3900e+02   3.7032e-06   3.2849e-08
   8.4000e+02   3.7021e-06   3.2832e-08
   8.4100e+02   3.7009e-06   3.2816e-08
   8.4200e+02   3.6997e-06   3.2801e-08
   8.4300e+02   3.6986e-06   3.2785e-08
   8.4400e+02   3.6974e-06   3.2769e-08
   8.4500e+02   3.6962e-06   3.2753e-08
   8.4600e+02   3.6951e-06   3.2738e-08
   8.4700e+02   3.6939e-06   3.2723e-08
   8.4800e+02   3.6928e-06   3.2707e-08
   8.4900e+02   3.6917e-06   3.2692e-08
   8.5000e+02   3.6905e-06   3.2677e-08
   8.5100e+02   3.6894e-06   3.2662e-08
   8.5200e+02   3.6883e-06   3.2647e-08
   8.5300e+02   3.6872e-06   3.2632e-08
   8.5400e+02   3.6860e-06   3.2618e-08
   8.5500e+02   3.6849e-06   3.2603e-08
   8.5600e+02   3.6838e-06   3.2589e-08
   8.5700e+02   3.6827e-06   3.2574e-08
   8.5800e+02   3.6816e-06   3.2560e-08
   8.5900e+02   3.6805e-06   3.2546e-08
   8.6000e+02   3.6794e-06   3.2532e-08
   8.6100e+02   3.6783e-06   3.2518e-08
   8.6200e+02   3.6773e-06   3.2504e-08
   8.6300e+02   3.6762e-06   3.2490e-08
   8.6400e+02   3.6751e-06   3.2476e-08
   8.6500e+02   3.6740e-06   3.2463e-08
   8.6600e+02   3.6729e-06   3.2449e-08
   8.6700e+02   3.6719e-06   3.2436e-08
   8.6800e+02   3.6708e-06   3.2422e-08
   8.6900e+02   3.6698e-06   3.2409e-08
   8.7000e+02   3.6687e-06   3.2396e-08
   8.7100e+02   3.6676e-06   3.2383e-08
   8.7200e+02   3.6666e-06   3.2370e-08
   8.7300e+02   3.6655e-06   3.2357e-08
   8.7400e+02   3.6645e-06   3.2344e-08
   8.7500e+02   3.6635e-06   3.2331e-08
   8.7600e+02   3.6624e-06   3.2318e-08
   8.7700e+02   3.6614e-06   3.2306e-08
   8.7800e+02   3.6603e-06   3.2293e-08
   8.7900e+02   3.6593e-06   3.2281e-08
   8.8000e+02   3.6583e-06   3.2268e-08
   8.8100e+02   3.6573e-06   3.2256e-08
   8.8200e+02   3.6562e-06   3.2244e-08
   8.8300e+02   3.6552e-06   3.2232e-08
   8.8400e+02   3.6542e-06   3.2220e-08
   8.8500e+02   3.6532e-06   3.2208e-08
   8.8600e+02   3.6522e-06   3.2196e-08
   8.8700e+02   3.6512e-06   3.2184e-08
   8.8800e+02   3.6501e-06   3.2172e-08
   8.8900e+02   3.6491e-06   3.2161e-08
   8.9000e+02   3.6481e-06   3.2149e-08
   8.9100e+02   3.6471e-06   3.2138e-08
   8.9200e+02   3.6461e-06   3.2126e-08
   8.9300e+02   3.6451e-06   3.2115e-08
   8.9400e+02   3.6441e-06   3.2104e-08
   8.9500e+02   3.6431e-06   3.2092e-08
   8.9600e+02   3.6422e-06   3.2081e-08
   8.9700e+02   3.6412e-06   3.2070e-08
   8.9800e+02   3.6402e-06   3.2059e-08
   8.9900e+02   3.6392e-06   3.2048e-08
   9.0000e+02   3.6382e-06   3.2038e-08
   9.0100e+02   3.6372e-06   3.2027e-08
   9.0200e+02   3.6362e-06   3.2016e-08
   9.0300e+02   3.6353e-06   3.2005e-08
   9.0400e+02   3.6343e-06   3.1995e-08
   9.0500e+02   3.6333e-06   3.1984e-08
   9.0600e+02   3.6323e-06   3.1974e-08
   9.0700e+02   3.6314e-06   3.1964e-08
   9.0800e+02   3.6304e-06   3.1953e-08
   9.0900e+02   3.6294e-06   3.1943e-08
   9.1000e+02   3.6284e-06   3.1933e-08
   9.1100e+02   3.6275e-06   3.1923e-08
   9.1200e+02   3.6265e-06   3.1913e-08
   9.1300e+02   3.6255e-06   3.1903e-08
   9.1400e+02   3.6246e-06   3.1893e-08
   9.1500e+02   3.6236e-06   3.1883e-08
   9.1600e+02   3.6226e-06   3.1873e-08
   9.1700e+02   3.6217e-06   3.1863e-08
   9.1800e+02   3.6207e-06   3.1854e-08
   9.1900e+02   3.6198e-06   3.1844e-08
   9.2000e+02   3.6188e-06   3.1835e-08
   9.2100e+02   3.6178e-06   3.1825e-08
   9.2200e+02   3.6169e-06   3.1816e-08
   9.2300e+02   3.6159e-06   3.1806e-08
   9.2400e+02   3.6150e-06   3.1797e-08
   9.2500e+02   3.6140e-06   3.1788e-08
   9.2600e+02   3.6130e-06   3.1778e-08
   9.2700e+02   3.6121e-06   3.1769e-08
   9.2800e+02   3.6111e-06   3.1760e-08
   9.2900e+02   3.6102e-06   3.1751e-08
   9.3000e+02   3.6092e-06   3.1742e-08
   9.3100e+02   3.6083e-06   3.1733e-08
   9.3200e+02   3.6073e-06   3.1724e-08
   9.3300e+02   3.6064e-06   3.1716e-08
   9.3400e+02   3.6054e-06   3.1707e-08
   9.3500e+02   3.6045e-06   3.1698e-08
   9.3600e+02   3.6035e-06   3.1690e-08
   9.3700e+02   3.6026e-06   3.1681e-08
   9.3800e+02   3.6016e-06   3.1672e-08
   9.3900e+02   3.6007e-06   3.1664e-08
   9.4000e+02   3.5997e-06   3.1656e-08
   9.4100e+02   3.5988e-06   3.1647e-08
   9.4200e+02   3.5978e-06   3.1639e-08
   9.4300e+02   3.5969e-06   3.1631e-08
   9.4400e+02   3.5960e-06   3.1623e-08
   9.4500e+02   3.5950e-06   3.1614e-08
   9.4600e+02   3.5941e-06   3.1606e-08
   9.4700e+02   3.5932e-06   3.1598e-08
   9.4800e+02   3.5922e-06   3.1590e-08
   9.4900e+02   3.5913e-06   3.1583e-08
   9.5000e+02   3.5904e-06   3.1575e-08
   9.5100e+02   3.5894e-06   3.1567e-08
   9.5200e+02   3.5885e-06   3.1559e-08
   9.5300e+02   3.5876e-06   3.1552e-08
   9.5400e+02   3.5867e-06   3.1544e-08
   9.5500e+02   3.5857e-06   3.1536e-08
   9.5600e+02   3.5848e-06   3.1529e-08
   9.5700e+02   3.5839e-06   3.1521e-08
   9.5800e+02   3.5830e-06   3.1514e-08
   9.5900e+02   3.5821e-06   3.1507e-08
   9.6000e+02   3.5811e-06   3.1500e-08
   9.6100e+02   3.5802e-06   3.1492e-08
   9.6200e+02   3.5793e-06   3.1485e-08
   9.6300e+02   3.5784e-06   3.1478e-08
   9.6400e+02   3.5775e-06   3.1471e-08
   9.6500e+02   3.5766e-06   3.1464e-08
   9.6600e+02   3.5757e-06   3.1457e-08
   9.6700e+02   3.5748e-06   3.1450e-08
   9.6800e+02   3.5739e-06   3.1444e-08
   9.6900e+02   3.5730e-06   3.1437e-08
   9.7000e+02   3.5721e-06   3.1430e-08
   9.7100e+02   3.5712e-06   3.1424e-08
   9.7200e+02   3.5703e-06   3.1417e-08
   9.7300e+02   3.5694e-06   3.1411e-08
   9.7400e+02   3.5685e-06   3.1404e-08
   9.7500e+02   3.5677e-06   3.1398e-08
   9.7600e+02   3.5668e-06   3.1391e-08
   9.7700e+02   3.5659e-06   3.1385e-08
   9.7800e+02   3.5650e-06   3.1379e-08
   9.7900e+02   3.5641e-06   3.1373e-08
   9.8000e+02   3.5633e-06   3.1367e-08
   9.8100e+02   3.5624e-06   3.1361e-08
   9.8200e+02   3.5615e-06   3.1355e-08
   9.8300e+02   3.5607e-06   3.1349e-08
   9.8400e+02   3.5598e-06   3.1343e-08
   9.8500e+02   3.5589e-06   3.1337e-08
   9.8600e+02   3.5581e-06   3.1331e-08
   9.8700e+02   3.5572e-06   3.1326e-08
   9.8800e+02   3.5564e-06   3.1320e-08
   9.8900e+02   3.5555e-06   3.1314e-08
   9.9000e+02   3.5547e-06   3.1309e-08
   9.9100e+02   3.5538e-06   3.1303e-08
   9.9200e+02   3.5530e-06   3.1298e-08
   9.9300e+02   3.5521e-06   3.1293e-08
   9.9400e+02   3.5513e-06   3.1287e-08
   9.9500e+02   3.5505e-06   3.1282e-08
   9.9600e+02   3.5496e-06   3.1277e-08
   9.9700e+02   3.5488e-06   3.1272e-08
   9.9800e+02   3.5480e-06   3.1267e-08
   9.9900e+02   3.5472e-06   3.1262e-08
   1.0000e+03   3.5464e-06   3.1257e-08
   1.0010e+03   3.5455e-06   3.1252e-08
   1.0020e+03   3.5447e-06   3.1247e-08
   1.0030e+03   3.5439e-06   3.1242e-08
   1.0040e+03   3.5431e-06   3.1238e-08
   1.0050e+03   3.5423e-06   3.1233e-08
   1.0060e+03   3.5415e-06   3.1228e-08
   1.0070e+03   3.5407e-06   3.1224e-08
   1.0080e+03   3.5399e-06   3.1219e-08
   1.0090e+03   3.5391e-06   3.1215e-08
   1.0100e+03   3.5383e-06   3.1211e-08
   1.0110e+03   3.5375e-06   3.1206e-08
   1.0120e+03   3.5367e-06   3.1202e-08
   1.0130e+03   3.5360e-06   3.1198e-08
   1.0140e+03   3.5352e-06   3.1194e-08
   1.0150e+03   3.5344e-06   3.1189e-08
   1.0160e+03   3.5336e-06   3.1185e-08
   1.0170e+03   3.5329e-06   3.1181e-08
   1.0180e+03   3.5321e-06   3.1178e-08
   1.0190e+03   3.5313e-06   3.1174e-08
   1.0200e+03   3.5306e-06   3.1170e-08
   1.0210e+03   3.5298e-06   3.1166e-08
   1.0220e+03   3.5290e-06   3.1162e-08
   1.0230e+03   3.5283e-06   3.1159e-08
   1.0240e+03   3.5275e-06   3.1155e-08
   1.0250e+03   3.5268e-06   3.1152e-08
   1.0260e+03   3.5260e-06   3.1148e-08
   1.0270e+03   3.5253e-06   3.1145e-08
   1.0280e+03   3.5246e-06   3.1141e-08
   1.0290e+03   3.5238e-06   3.1138e-08
   1.0300e+03   3.5231e-06   3.1135e-08
   1.0310e+03   3.5224e-06   3.1132e-08
   1.0320e+03   3.5216e-06   3.1128e-08
   1.0330e+03   3.5209e-06   3.1125e-08
   1.0340e+03   3.5202e-06   3.1122e-08
   1.0350e+03   3.5195e-06   3.1119e-08
   1.0360e+03   3.5187e-06   3.1116e-08
   1.0370e+03   3.5180e-06   3.1113e-08
   1.0380e+03   3.5173e-06   3.1111e-08
   1.0390e+03   3.5166e-06   3.1108e-08
   1.0400e+03   3.5159e-06   3.1105e-08
   1.0410e+03   3.5152e-06   3.1102e-08
   1.0420e+03   3.5145e-06   3.1100e-08
   1.0430e+03   3.5138e-06   3.1097e-08
   1.0440e+03   3.5131e-06   3.1095e-08
   1.0450e+03   3.5124e-06   3.1092e-08
   1.0460e+03   3.5117e-06   3.1090e-08
   1.0470e+03   3.5110e-06   3.1088e-08
   1.0480e+03   3.5104e-06   3.1085e-08
   1.0490e+03   3.5097e-06   3.1083e-08
   1.0500e+03   3.5090e-06   3.1081e-08
   1.0510e+03   3.5083e-06   3.1079e-08
   1.0520e+03   3.5077e-06   3.1077e-08
   1.0530e+03   3.5070e-06   3.1075e-08
   1.0540e+03   3.5063e-06   3.1073e-08
   1.0550e+03   3.5057e-06   3.1071e-08
   1.0560e+03   3.5050e-06   3.1069e-08
   1.0570e+03   3.5043e-06   3.1067e-08
   1.0580e+03   3.5037e-06   3.1065e-08
   1.0590e+03   3.5030e-06   3.1064e-08
   1.0600e+03   3.5024e-06   3.1062e-08
   1.0610e+03   3.5018e-06   3.1060e-08
   1.0620e+03   3.5011e-06   3.1059e-08
   1.0630e+03   3.5005e-06   3.1057e-08
   1.0640e+03   3.4998e-06   3.1056e-08
   1.0650e+03   3.4992e-06   3.1054e-08
   1.0660e+03   3.4986e-06   3.1053e-08
   1.0670e+03   3.4979e-06   3.1052e-08
   1.0680e+03   3.4973e-06   3.1051e-08
   1.0690e+03   3.4967e-06   3.1049e-08
   1.0700e+03   3.4961e-06   3.1048e-08
   1.0710e+03   3.4955e-06   3.1047e-08
   1.0720e+03   3.4948e-06   3.1046e-08
   1.0730e+03   3.4942e-06   3.1045e-08
   1.0740e+03   3.4936e-06   3.1044e-08
   1.0750e+03   3.4930e-06   3.1043e-08
   1.0760e+03   3.4924e-06   3.1042e-08
   1.0770e+03   3.4918e-06   3.1042e-08
   1.0780e+03   3.4912e-06   3.1041e-08
   1.0790e+03   3.4906e-06   3.1040e-08
   1.0800e+03   3.4900e-06   3.1040e-08
   1.0810e+03   3.4894e-06   3.1039e-08
   1.0820e+03   3.4889e-06   3.1038e-08
   1.0830e+03   3.4883e-06   3.1038e-08
   1.0840e+03   3.4877e-06   3.1038e-08
   1.0850e+03   3.4871e-06   3.1037e-08
   1.0860e+03   3.4865e-06   3.1037e-08
   1.0870e+03   3.4860e-06   3.1037e-08
   1.0880e+03   3.4854e-06   3.1036e-08
   1.0890e+03   3.4848e-06   3.1036e-08
   1.0900e+03   3.4843e-06   3.1036e-08
   1.0910e+03   3.4837e-06   3.1036e-08
   1.0920e+03   3.4831e-06   3.1036e-08
   1.0930e+03   3.4826e-06   3.1036e-08
   1.0940e+03   3.4820e-06   3.1036e-08
   1.0950e+03   3.4815e-06   3.1036e-08
   1.0960e+03   3.4809e-06   3.1036e-08
   1.0970e+03   3.4804e-06   3.1036e-08
   1.0980e+03   3.4798e-06   3.1036e-08
   1.0990e+03   3.4793e-06   3.1037e-08
   1.1000e+03   3.4787e-06   3.1037e-08
   1.1010e+03   3.4782e-06   3.1037e-08
   1.1020e+03   3.4777e-06   3.1038e-08
   1.1030e+03   3.4771e-06   3.1038e-08
   1.1040e+03   3.4766e-06   3.1039e-08
   1.1050e+03   3.4761e-06   3.1039e-08
   1.1060e+03   3.4755e-06   3.1040e-08
   1.1070e+03   3.4750e-06   3.1041e-08
   1.1080e+03   3.4745e-06   3.1041e-08
   1.1090e+03   3.4740e-06   3.1042e-08
   1.1100e+03   3.4734e-06   3.1043e-08
   1.1110e+03   3.4729e-06   3.1044e-08
   1.1120e+03   3.4724e-06   3.1045e-08
   1.1130e+03   3.4719e-06   3.1045e-08
   1.1140e+03   3.4714e-06   3.1046e-08
   1.1150e+03   3.4709e-06   3.1047e-08
   1.1160e+03   3.4703e-06   3.1048e-08
   1.1170e+03   3.4698e-06   3.1050e-08
   1.1180e+03   3.4693e-06   3.1051e-08
   1.1190e+03   3.4688e-06   3.1052e-08
   1.1200e+03   3.4683e-06   3.1053e-08
   1.1210e+03   3.4678e-06   3.1054e-08
   1.1220e+03   3.4673e-06   3.1056e-08
   1.1230e+03   3.4668e-06   3.1057e-08
   1.1240e+03   3.4663e-06   3.1058e-08
   1.1250e+03   3.4658e-06   3.1060e-08
   1.1260e+03   3.4653e-06   3.1061e-08
   1.1270e+03   3.4649e-06   3.1063e-08
   1.1280e+03   3.4644e-06   3.1064e-08
   1.1290e+03   3.4639e-06   3.1066e-08
   1.1300e+03   3.4634e-06   3.1068e-08
   1.1310e+03   3.4629e-06   3.1069e-08
   1.1320e+03   3.4624e-06   3.1071e-08
   1.1330e+03   3.4619e-06   3.1073e-08
   1.1340e+03   3.4615e-06   3.1074e-08
   1.1350e+03   3.4610e-06   3.1076e-08
   1.1360e+03   3.4605e-06   3.1078e-08
   1.1370e+03   3.4600e-06   3.1080e-08
   1.1380e+03   3.4596e-06   3.1082e-08
   1.1390e+03   3.4591e-06   3.1084e-08
   1.1400e+03   3.4586e-06   3.1086e-08
   1.1410e+03   3.4581e-06   3.1088e-08
   1.1420e+03   3.4577e-06   3.1090e-08
   1.1430e+03   3.4572e-06   3.1092e-08
   1.1440e+03   3.4567e-06   3.1095e-08
   1.1450e+03   3.4563e-06   3.1097e-08
   1.1460e+03   3.4558e-06   3.1099e-08
   1.1470e+03   3.4553e-06   3.1101e-08
   1.1480e+03   3.4549e-06   3.1104e-08
   1.1490e+03   3.4544e-06   3.1106e-08
   1.1500e+03   3.4539e-06   3.1109e-08
   1.1510e+03   3.4535e-06   3.1111e-08
   1.1520e+03   3.4530e-06   3.1114e-08
   1.1530e+03   3.4526e-06   3.1116e-08
   1.1540e+03   3.4521e-06   3.1119e-08
   1.1550e+03   3.4516e-06   3.1121e-08
   1.1560e+03   3.4512e-06   3.1124e-08
   1.1570e+03   3.4507e-06   3.1127e-08
   1.1580e+03   3.4503e-06   3.1129e-08
   1.1590e+03   3.4498e-06   3.1132e-08
   1.1600e+03   3.4494e-06   3.1135e-08
   1.1610e+03   3.4489e-06   3.1138e-08
   1.1620e+03   3.4485e-06   3.1140e-08
   1.1630e+03   3.4480e-06   3.1143e-08
   1.1640e+03   3.4476e-06   3.1146e-08
   1.1650e+03   3.4471e-06   3.1149e-08
   1.1660e+03   3.4467e-06   3.1152e-08
   1.1670e+03   3.4462e-06   3.1155e-08
   1.1680e+03   3.4458e-06   3.1158e-08
   1.1690e+03   3.4453e-06   3.1161e-08
   1.1700e+03   3.4449e-06   3.1165e-08
   1.1710e+03   3.4444e-06   3.1168e-08
   1.1720e+03   3.4440e-06   3.1171e-08
   1.1730e+03   3.4435e-06   3.1174e-08
   1.1740e+03   3.4431e-06   3.1177e-08
   1.1750e+03   3.4427e-06   3.1181e-08
   1.1760e+03   3.4422e-06   3.1184e-08
   1.1770e+03   3.4418e-06   3.1187e-08
   1.1780e+03   3.4413e-06   3.1191e-08
   1.1790e+03   3.4409e-06   3.1194e-08
   1.1800e+03   3.4404e-06   3.1198e-08
   1.1810e+03   3.4400e-06   3.1201e-08
   1.1820e+03   3.4396e-06   3.1205e-08
   1.1830e+03   3.4391e-06   3.1208e-08
   1.1840e+03   3.4387e-06   3.1212e-08
   1.1850e+03   3.4382e-06   3.1216e-08
   1.1860e+03   3.4378e-06   3.1219e-08
   1.1870e+03   3.4374e-06   3.1223e-08
   1.1880e+03   3.4369e-06   3.1227e-08
   1.1890e+03   3.4365e-06   3.1230e-08
   1.1900e+03   3.4360e-06   3.1234e-08
   1.1910e+03   3.4356e-06   3.1238e-08
   1.1920e+03   3.4351e-06   3.1242e-08
   1.1930e+03   3.4347e-06   3.1246e-08
   1.1940e+03   3.4343e-06   3.1250e-08
   1.1950e+03   3.4338e-06   3.1254e-08
   1.1960e+03   3.4334e-06   3.1257e-08
   1.1970e+03   3.4329e-06   3.1261e-08
   1.1980e+03   3.4325e-06   3.1265e-08
   1.1990e+03   3.4321e-06   3.1270e-08
   1.2000e+03   3.4316e-06   3.1274e-08
   1.2010e+03   3.4312e-06   3.1278e-08
   1.2020e+03   3.4307e-06   3.1282e-08
   1.2030e+03   3.4303e-06   3.1286e-08
   1.2040e+03   3.4298e-06   3.1290e-08
   1.2050e+03   3.4294e-06   3.1294e-08
   1.2060e+03   3.4289e-06   3.1299e-08
   1.2070e+03   3.4285e-06   3.1303e-08
   1.2080e+03   3.4281e-06   3.1307e-08
   1.2090e+03   3.4276e-06   3.1312e-08
   1.2100e+03   3.4272e-06   3.1316e-08
   1.2110e+03   3.4267e-06   3.1320e-08
   1.2120e+03   3.4263e-06   3.1325e-08
   1.2130e+03   3.4258e-06   3.1329e-08
   1.2140e+03   3.4254e-06   3.1334e-08
   1.2150e+03   3.4249e-06   3.1338e-08
   1.2160e+03   3.4245e-06   3.1343e-08
   1.2170e+03   3.4240e-06   3.1347e-08
   1.2180e+03   3.4236e-06   3.1352e-08
   1.2190e+03   3.4231e-06   3.1356e-08
   1.2200e+03   3.4227e-06   3.1361e-08
   1.2210e+03   3.4222e-06   3.1365e-08
   1.2220e+03   3.4218e-06   3.1370e-08
   1.2230e+03   3.4213e-06   3.1375e-08
   1.2240e+03   3.4209e-06   3.1380e-08
   1.2250e+03   3.4204e-06   3.1384e-08
   1.2260e+03   3.4199e-06   3.1389e-08
   1.2270e+03   3.4195e-06   3.1394e-08
   1.2280e+03   3.4190e-06   3.1399e-08
   1.2290e+03   3.4186e-06   3.1403e-08
   1.2300e+03   3.4181e-06   3.1408e-08
   1.2310e+03   3.4176e-06   3.1413e-08
   1.2320e+03   3.4172e-06   3.1418e-08
   1.2330e+03   3.4167e-06   3.1423e-08
   1.2340e+03   3.4163e-06   3.1428e-08
   1.2350e+03   3.4158e-06   3.1433e-08
   1.2360e+03   3.4153e-06   3.1438e-08
   1.2370e+03   3.4149e-06   3.1443e-08
   1.2380e+03   3.4144e-06   3.1448e-08
   1.2390e+03   3.4139e-06   3.1453e-08
   1.2400e+03   3.4134e-06   3.1458e-08
   1.2410e+03   3.4130e-06   3.1463e-08
   1.2420e+03   3.4125e-06   3.1468e-08
   1.2430e+03   3.4120e-06   3.1473e-08
   1.2440e+03   3.4115e-06   3.1479e-08
   1.2450e+03   3.4111e-06   3.1484e-08
   1.2460e+03   3.4106e-06   3.1489e-08
   1.2470e+03   3.4101e-06   3.1494e-08
   1.2480e+03   3.4096e-06   3.1500e-08
   1.2490e+03   3.4091e-06   3.1505e-08
   1.2500e+03   3.4087e-06   3.1510e-08
