# Smooth curve fit to cross-spectrum data.
#        ell          C_l
  0.0000e+00   3.5823e-08
  1.0000e+00   7.7548e-07
  2.0000e+00   2.6415e-06
  3.0000e+00   5.0524e-06
  4.0000e+00   7.4570e-06
  5.0000e+00   9.5781e-06
  6.0000e+00   1.1323e-05
  7.0000e+00   1.2694e-05
  8.0000e+00   1.3728e-05
  9.0000e+00   1.4477e-05
  1.0000e+01   1.4992e-05
  1.1000e+01   1.5317e-05
  1.2000e+01   1.5492e-05
  1.3000e+01   1.5547e-05
  1.4000e+01   1.5509e-05
  1.5000e+01   1.5398e-05
  1.6000e+01   1.5231e-05
  1.7000e+01   1.5022e-05
  1.8000e+01   1.4781e-05
  1.9000e+01   1.4517e-05
  2.0000e+01   1.4237e-05
  2.1000e+01   1.3945e-05
  2.2000e+01   1.3647e-05
  2.3000e+01   1.3346e-05
  2.4000e+01   1.3043e-05
  2.5000e+01   1.2743e-05
  2.6000e+01   1.2445e-05
  2.7000e+01   1.2151e-05
  2.8000e+01   1.1862e-05
  2.9000e+01   1.1580e-05
  3.0000e+01   1.1303e-05
  3.1000e+01   1.1034e-05
  3.2000e+01   1.0771e-05
  3.3000e+01   1.0516e-05
  3.4000e+01   1.0267e-05
  3.5000e+01   1.0026e-05
  3.6000e+01   9.7919e-06
  3.7000e+01   9.5649e-06
  3.8000e+01   9.3447e-06
  3.9000e+01   9.1313e-06
  4.0000e+01   8.9245e-06
  4.1000e+01   8.7242e-06
  4.2000e+01   8.5301e-06
  4.3000e+01   8.3420e-06
  4.4000e+01   8.1598e-06
  4.5000e+01   7.9834e-06
  4.6000e+01   7.8124e-06
  4.7000e+01   7.6467e-06
  4.8000e+01   7.4862e-06
  4.9000e+01   7.3306e-06
  5.0000e+01   7.1798e-06
  5.1000e+01   7.0336e-06
  5.2000e+01   6.8919e-06
  5.3000e+01   6.7544e-06
  5.4000e+01   6.6211e-06
  5.5000e+01   6.4918e-06
  5.6000e+01   6.3662e-06
  5.7000e+01   6.2444e-06
  5.8000e+01   6.1262e-06
  5.9000e+01   6.0113e-06
  6.0000e+01   5.8998e-06
  6.1000e+01   5.7915e-06
  6.2000e+01   5.6862e-06
  6.3000e+01   5.5839e-06
  6.4000e+01   5.4845e-06
  6.5000e+01   5.3878e-06
  6.6000e+01   5.2938e-06
  6.7000e+01   5.2024e-06
  6.8000e+01   5.1134e-06
  6.9000e+01   5.0268e-06
  7.0000e+01   4.9425e-06
  7.1000e+01   4.8604e-06
  7.2000e+01   4.7805e-06
  7.3000e+01   4.7027e-06
  7.4000e+01   4.6269e-06
  7.5000e+01   4.5530e-06
  7.6000e+01   4.4809e-06
  7.7000e+01   4.4107e-06
  7.8000e+01   4.3423e-06
  7.9000e+01   4.2755e-06
  8.0000e+01   4.2104e-06
  8.1000e+01   4.1469e-06
  8.2000e+01   4.0849e-06
  8.3000e+01   4.0244e-06
  8.4000e+01   3.9653e-06
  8.5000e+01   3.9076e-06
  8.6000e+01   3.8513e-06
  8.7000e+01   3.7963e-06
  8.8000e+01   3.7425e-06
  8.9000e+01   3.6900e-06
  9.0000e+01   3.6386e-06
  9.1000e+01   3.5885e-06
  9.2000e+01   3.5394e-06
  9.3000e+01   3.4914e-06
  9.4000e+01   3.4445e-06
  9.5000e+01   3.3986e-06
  9.6000e+01   3.3537e-06
  9.7000e+01   3.3098e-06
  9.8000e+01   3.2668e-06
  9.9000e+01   3.2247e-06
  1.0000e+02   3.1836e-06
  1.0100e+02   3.1432e-06
  1.0200e+02   3.1037e-06
  1.0300e+02   3.0650e-06
  1.0400e+02   3.0271e-06
  1.0500e+02   2.9900e-06
  1.0600e+02   2.9536e-06
  1.0700e+02   2.9180e-06
  1.0800e+02   2.8830e-06
  1.0900e+02   2.8488e-06
  1.1000e+02   2.8152e-06
  1.1100e+02   2.7823e-06
  1.1200e+02   2.7500e-06
  1.1300e+02   2.7183e-06
  1.1400e+02   2.6872e-06
  1.1500e+02   2.6567e-06
  1.1600e+02   2.6268e-06
  1.1700e+02   2.5975e-06
  1.1800e+02   2.5687e-06
  1.1900e+02   2.5404e-06
  1.2000e+02   2.5126e-06
  1.2100e+02   2.4854e-06
  1.2200e+02   2.4586e-06
  1.2300e+02   2.4323e-06
  1.2400e+02   2.4065e-06
  1.2500e+02   2.3811e-06
  1.2600e+02   2.3562e-06
  1.2700e+02   2.3317e-06
  1.2800e+02   2.3077e-06
  1.2900e+02   2.2840e-06
  1.3000e+02   2.2608e-06
  1.3100e+02   2.2380e-06
  1.3200e+02   2.2155e-06
  1.3300e+02   2.1934e-06
  1.3400e+02   2.1717e-06
  1.3500e+02   2.1504e-06
  1.3600e+02   2.1294e-06
  1.3700e+02   2.1088e-06
  1.3800e+02   2.0884e-06
  1.3900e+02   2.0685e-06
  1.4000e+02   2.0488e-06
  1.4100e+02   2.0295e-06
  1.4200e+02   2.0104e-06
  1.4300e+02   1.9917e-06
  1.4400e+02   1.9732e-06
  1.4500e+02   1.9551e-06
  1.4600e+02   1.9372e-06
  1.4700e+02   1.9196e-06
  1.4800e+02   1.9023e-06
  1.4900e+02   1.8853e-06
  1.5000e+02   1.8685e-06
  1.5100e+02   1.8519e-06
  1.5200e+02   1.8356e-06
  1.5300e+02   1.8196e-06
  1.5400e+02   1.8038e-06
  1.5500e+02   1.7882e-06
  1.5600e+02   1.7728e-06
  1.5700e+02   1.7577e-06
  1.5800e+02   1.7428e-06
  1.5900e+02   1.7281e-06
  1.6000e+02   1.7136e-06
  1.6100e+02   1.6994e-06
  1.6200e+02   1.6853e-06
  1.6300e+02   1.6714e-06
  1.6400e+02   1.6578e-06
  1.6500e+02   1.6443e-06
  1.6600e+02   1.6310e-06
  1.6700e+02   1.6179e-06
  1.6800e+02   1.6050e-06
  1.6900e+02   1.5922e-06
  1.7000e+02   1.5796e-06
  1.7100e+02   1.5672e-06
  1.7200e+02   1.5550e-06
  1.7300e+02   1.5429e-06
  1.7400e+02   1.5310e-06
  1.7500e+02   1.5193e-06
  1.7600e+02   1.5077e-06
  1.7700e+02   1.4962e-06
  1.7800e+02   1.4849e-06
  1.7900e+02   1.4738e-06
  1.8000e+02   1.4628e-06
  1.8100e+02   1.4519e-06
  1.8200e+02   1.4412e-06
  1.8300e+02   1.4306e-06
  1.8400e+02   1.4201e-06
  1.8500e+02   1.4098e-06
  1.8600e+02   1.3996e-06
  1.8700e+02   1.3896e-06
  1.8800e+02   1.3797e-06
  1.8900e+02   1.3698e-06
  1.9000e+02   1.3602e-06
  1.9100e+02   1.3506e-06
  1.9200e+02   1.3411e-06
  1.9300e+02   1.3318e-06
  1.9400e+02   1.3226e-06
  1.9500e+02   1.3135e-06
  1.9600e+02   1.3044e-06
  1.9700e+02   1.2956e-06
  1.9800e+02   1.2868e-06
  1.9900e+02   1.2781e-06
  2.0000e+02   1.2695e-06
  2.0100e+02   1.2610e-06
  2.0200e+02   1.2526e-06
  2.0300e+02   1.2443e-06
  2.0400e+02   1.2362e-06
  2.0500e+02   1.2281e-06
  2.0600e+02   1.2201e-06
  2.0700e+02   1.2121e-06
  2.0800e+02   1.2043e-06
  2.0900e+02   1.1966e-06
  2.1000e+02   1.1890e-06
  2.1100e+02   1.1814e-06
  2.1200e+02   1.1739e-06
  2.1300e+02   1.1665e-06
  2.1400e+02   1.1592e-06
  2.1500e+02   1.1520e-06
  2.1600e+02   1.1448e-06
  2.1700e+02   1.1378e-06
  2.1800e+02   1.1308e-06
  2.1900e+02   1.1239e-06
  2.2000e+02   1.1170e-06
  2.2100e+02   1.1103e-06
  2.2200e+02   1.1036e-06
  2.2300e+02   1.0969e-06
  2.2400e+02   1.0904e-06
  2.2500e+02   1.0839e-06
  2.2600e+02   1.0775e-06
  2.2700e+02   1.0711e-06
  2.2800e+02   1.0648e-06
  2.2900e+02   1.0586e-06
  2.3000e+02   1.0525e-06
  2.3100e+02   1.0464e-06
  2.3200e+02   1.0404e-06
  2.3300e+02   1.0344e-06
  2.3400e+02   1.0285e-06
  2.3500e+02   1.0227e-06
  2.3600e+02   1.0169e-06
  2.3700e+02   1.0111e-06
  2.3800e+02   1.0055e-06
  2.3900e+02   9.9986e-07
  2.4000e+02   9.9431e-07
  2.4100e+02   9.8881e-07
  2.4200e+02   9.8336e-07
  2.4300e+02   9.7797e-07
  2.4400e+02   9.7263e-07
  2.4500e+02   9.6735e-07
  2.4600e+02   9.6211e-07
  2.4700e+02   9.5693e-07
  2.4800e+02   9.5179e-07
  2.4900e+02   9.4671e-07
  2.5000e+02   9.4167e-07
  2.5100e+02   9.3668e-07
  2.5200e+02   9.3174e-07
  2.5300e+02   9.2685e-07
  2.5400e+02   9.2200e-07
  2.5500e+02   9.1720e-07
  2.5600e+02   9.1244e-07
  2.5700e+02   9.0773e-07
  2.5800e+02   9.0306e-07
  2.5900e+02   8.9844e-07
  2.6000e+02   8.9386e-07
  2.6100e+02   8.8932e-07
  2.6200e+02   8.8482e-07
  2.6300e+02   8.8036e-07
  2.6400e+02   8.7595e-07
  2.6500e+02   8.7157e-07
  2.6600e+02   8.6724e-07
  2.6700e+02   8.6294e-07
  2.6800e+02   8.5868e-07
  2.6900e+02   8.5446e-07
  2.7000e+02   8.5028e-07
  2.7100e+02   8.4613e-07
  2.7200e+02   8.4202e-07
  2.7300e+02   8.3795e-07
  2.7400e+02   8.3391e-07
  2.7500e+02   8.2991e-07
  2.7600e+02   8.2594e-07
  2.7700e+02   8.2201e-07
  2.7800e+02   8.1811e-07
  2.7900e+02   8.1425e-07
  2.8000e+02   8.1042e-07
  2.8100e+02   8.0662e-07
  2.8200e+02   8.0285e-07
  2.8300e+02   7.9912e-07
  2.8400e+02   7.9542e-07
  2.8500e+02   7.9175e-07
  2.8600e+02   7.8811e-07
  2.8700e+02   7.8450e-07
  2.8800e+02   7.8092e-07
  2.8900e+02   7.7738e-07
  2.9000e+02   7.7386e-07
  2.9100e+02   7.7037e-07
  2.9200e+02   7.6691e-07
  2.9300e+02   7.6347e-07
  2.9400e+02   7.6007e-07
  2.9500e+02   7.5669e-07
  2.9600e+02   7.5335e-07
  2.9700e+02   7.5002e-07
  2.9800e+02   7.4673e-07
  2.9900e+02   7.4346e-07
  3.0000e+02   7.4022e-07
  3.0100e+02   7.3701e-07
  3.0200e+02   7.3382e-07
  3.0300e+02   7.3065e-07
  3.0400e+02   7.2751e-07
  3.0500e+02   7.2440e-07
  3.0600e+02   7.2131e-07
  3.0700e+02   7.1825e-07
  3.0800e+02   7.1521e-07
  3.0900e+02   7.1219e-07
  3.1000e+02   7.0920e-07
  3.1100e+02   7.0623e-07
  3.1200e+02   7.0328e-07
  3.1300e+02   7.0035e-07
  3.1400e+02   6.9745e-07
  3.1500e+02   6.9457e-07
  3.1600e+02   6.9172e-07
  3.1700e+02   6.8888e-07
  3.1800e+02   6.8607e-07
  3.1900e+02   6.8328e-07
  3.2000e+02   6.8050e-07
  3.2100e+02   6.7775e-07
  3.2200e+02   6.7502e-07
  3.2300e+02   6.7232e-07
  3.2400e+02   6.6963e-07
  3.2500e+02   6.6696e-07
  3.2600e+02   6.6431e-07
  3.2700e+02   6.6168e-07
  3.2800e+02   6.5907e-07
  3.2900e+02   6.5648e-07
  3.3000e+02   6.5391e-07
  3.3100e+02   6.5136e-07
  3.3200e+02   6.4882e-07
  3.3300e+02   6.4631e-07
  3.3400e+02   6.4381e-07
  3.3500e+02   6.4133e-07
  3.3600e+02   6.3887e-07
  3.3700e+02   6.3643e-07
  3.3800e+02   6.3400e-07
  3.3900e+02   6.3159e-07
  3.4000e+02   6.2920e-07
  3.4100e+02   6.2683e-07
  3.4200e+02   6.2447e-07
  3.4300e+02   6.2213e-07
  3.4400e+02   6.1980e-07
  3.4500e+02   6.1750e-07
  3.4600e+02   6.1520e-07
  3.4700e+02   6.1293e-07
  3.4800e+02   6.1067e-07
  3.4900e+02   6.0842e-07
  3.5000e+02   6.0620e-07
  3.5100e+02   6.0398e-07
  3.5200e+02   6.0179e-07
  3.5300e+02   5.9960e-07
  3.5400e+02   5.9743e-07
  3.5500e+02   5.9528e-07
  3.5600e+02   5.9314e-07
  3.5700e+02   5.9102e-07
  3.5800e+02   5.8891e-07
  3.5900e+02   5.8682e-07
  3.6000e+02   5.8474e-07
  3.6100e+02   5.8267e-07
  3.6200e+02   5.8062e-07
  3.6300e+02   5.7858e-07
  3.6400e+02   5.7655e-07
  3.6500e+02   5.7454e-07
  3.6600e+02   5.7254e-07
  3.6700e+02   5.7056e-07
  3.6800e+02   5.6858e-07
  3.6900e+02   5.6662e-07
  3.7000e+02   5.6468e-07
  3.7100e+02   5.6274e-07
  3.7200e+02   5.6082e-07
  3.7300e+02   5.5891e-07
  3.7400e+02   5.5702e-07
  3.7500e+02   5.5513e-07
  3.7600e+02   5.5326e-07
  3.7700e+02   5.5140e-07
  3.7800e+02   5.4955e-07
  3.7900e+02   5.4772e-07
  3.8000e+02   5.4590e-07
  3.8100e+02   5.4408e-07
  3.8200e+02   5.4228e-07
  3.8300e+02   5.4049e-07
  3.8400e+02   5.3871e-07
  3.8500e+02   5.3695e-07
  3.8600e+02   5.3519e-07
  3.8700e+02   5.3345e-07
  3.8800e+02   5.3171e-07
  3.8900e+02   5.2999e-07
  3.9000e+02   5.2828e-07
  3.9100e+02   5.2658e-07
  3.9200e+02   5.2489e-07
  3.9300e+02   5.2321e-07
  3.9400e+02   5.2154e-07
  3.9500e+02   5.1988e-07
  3.9600e+02   5.1823e-07
  3.9700e+02   5.1659e-07
  3.9800e+02   5.1496e-07
  3.9900e+02   5.1334e-07
  4.0000e+02   5.1173e-07
  4.0100e+02   5.1013e-07
  4.0200e+02   5.0854e-07
  4.0300e+02   5.0696e-07
  4.0400e+02   5.0539e-07
  4.0500e+02   5.0382e-07
  4.0600e+02   5.0227e-07
  4.0700e+02   5.0073e-07
  4.0800e+02   4.9919e-07
  4.0900e+02   4.9767e-07
  4.1000e+02   4.9615e-07
  4.1100e+02   4.9465e-07
  4.1200e+02   4.9315e-07
  4.1300e+02   4.9166e-07
  4.1400e+02   4.9018e-07
  4.1500e+02   4.8871e-07
  4.1600e+02   4.8724e-07
  4.1700e+02   4.8579e-07
  4.1800e+02   4.8434e-07
  4.1900e+02   4.8291e-07
  4.2000e+02   4.8148e-07
  4.2100e+02   4.8006e-07
  4.2200e+02   4.7864e-07
  4.2300e+02   4.7724e-07
  4.2400e+02   4.7584e-07
  4.2500e+02   4.7445e-07
  4.2600e+02   4.7307e-07
  4.2700e+02   4.7170e-07
  4.2800e+02   4.7034e-07
  4.2900e+02   4.6898e-07
  4.3000e+02   4.6763e-07
  4.3100e+02   4.6629e-07
  4.3200e+02   4.6495e-07
  4.3300e+02   4.6362e-07
  4.3400e+02   4.6231e-07
  4.3500e+02   4.6099e-07
  4.3600e+02   4.5969e-07
  4.3700e+02   4.5839e-07
  4.3800e+02   4.5710e-07
  4.3900e+02   4.5582e-07
  4.4000e+02   4.5454e-07
  4.4100e+02   4.5327e-07
  4.4200e+02   4.5201e-07
  4.4300e+02   4.5075e-07
  4.4400e+02   4.4951e-07
  4.4500e+02   4.4826e-07
  4.4600e+02   4.4703e-07
  4.4700e+02   4.4580e-07
  4.4800e+02   4.4458e-07
  4.4900e+02   4.4337e-07
  4.5000e+02   4.4216e-07
  4.5100e+02   4.4096e-07
  4.5200e+02   4.3976e-07
  4.5300e+02   4.3857e-07
  4.5400e+02   4.3739e-07
  4.5500e+02   4.3621e-07
  4.5600e+02   4.3504e-07
  4.5700e+02   4.3388e-07
  4.5800e+02   4.3272e-07
  4.5900e+02   4.3157e-07
  4.6000e+02   4.3043e-07
  4.6100e+02   4.2929e-07
  4.6200e+02   4.2815e-07
  4.6300e+02   4.2703e-07
  4.6400e+02   4.2591e-07
  4.6500e+02   4.2479e-07
  4.6600e+02   4.2368e-07
  4.6700e+02   4.2258e-07
  4.6800e+02   4.2148e-07
  4.6900e+02   4.2039e-07
  4.7000e+02   4.1930e-07
  4.7100e+02   4.1822e-07
  4.7200e+02   4.1714e-07
  4.7300e+02   4.1607e-07
  4.7400e+02   4.1501e-07
  4.7500e+02   4.1395e-07
  4.7600e+02   4.1290e-07
  4.7700e+02   4.1185e-07
  4.7800e+02   4.1080e-07
  4.7900e+02   4.0977e-07
  4.8000e+02   4.0873e-07
  4.8100e+02   4.0771e-07
  4.8200e+02   4.0669e-07
  4.8300e+02   4.0567e-07
  4.8400e+02   4.0466e-07
  4.8500e+02   4.0365e-07
  4.8600e+02   4.0265e-07
  4.8700e+02   4.0165e-07
  4.8800e+02   4.0066e-07
  4.8900e+02   3.9967e-07
  4.9000e+02   3.9869e-07
  4.9100e+02   3.9771e-07
  4.9200e+02   3.9674e-07
  4.9300e+02   3.9577e-07
  4.9400e+02   3.9481e-07
  4.9500e+02   3.9385e-07
  4.9600e+02   3.9290e-07
  4.9700e+02   3.9195e-07
  4.9800e+02   3.9101e-07
  4.9900e+02   3.9007e-07
  5.0000e+02   3.8913e-07
  5.0100e+02   3.8820e-07
  5.0200e+02   3.8728e-07
  5.0300e+02   3.8636e-07
  5.0400e+02   3.8544e-07
  5.0500e+02   3.8453e-07
  5.0600e+02   3.8362e-07
  5.0700e+02   3.8272e-07
  5.0800e+02   3.8182e-07
  5.0900e+02   3.8092e-07
  5.1000e+02   3.8003e-07
  5.1100e+02   3.7914e-07
  5.1200e+02   3.7826e-07
  5.1300e+02   3.7738e-07
  5.1400e+02   3.7651e-07
  5.1500e+02   3.7564e-07
  5.1600e+02   3.7477e-07
  5.1700e+02   3.7391e-07
  5.1800e+02   3.7305e-07
  5.1900e+02   3.7220e-07
  5.2000e+02   3.7135e-07
  5.2100e+02   3.7050e-07
  5.2200e+02   3.6966e-07
  5.2300e+02   3.6882e-07
  5.2400e+02   3.6799e-07
  5.2500e+02   3.6716e-07
  5.2600e+02   3.6633e-07
  5.2700e+02   3.6551e-07
  5.2800e+02   3.6469e-07
  5.2900e+02   3.6388e-07
  5.3000e+02   3.6307e-07
  5.3100e+02   3.6226e-07
  5.3200e+02   3.6146e-07
  5.3300e+02   3.6066e-07
  5.3400e+02   3.5986e-07
  5.3500e+02   3.5907e-07
  5.3600e+02   3.5828e-07
  5.3700e+02   3.5749e-07
  5.3800e+02   3.5671e-07
  5.3900e+02   3.5593e-07
  5.4000e+02   3.5515e-07
  5.4100e+02   3.5438e-07
  5.4200e+02   3.5361e-07
  5.4300e+02   3.5285e-07
  5.4400e+02   3.5209e-07
  5.4500e+02   3.5133e-07
  5.4600e+02   3.5057e-07
  5.4700e+02   3.4982e-07
  5.4800e+02   3.4908e-07
  5.4900e+02   3.4833e-07
  5.5000e+02   3.4759e-07
  5.5100e+02   3.4685e-07
  5.5200e+02   3.4612e-07
  5.5300e+02   3.4538e-07
  5.5400e+02   3.4466e-07
  5.5500e+02   3.4393e-07
  5.5600e+02   3.4321e-07
  5.5700e+02   3.4249e-07
  5.5800e+02   3.4177e-07
  5.5900e+02   3.4106e-07
  5.6000e+02   3.4035e-07
  5.6100e+02   3.3964e-07
  5.6200e+02   3.3894e-07
  5.6300e+02   3.3824e-07
  5.6400e+02   3.3754e-07
  5.6500e+02   3.3685e-07
  5.6600e+02   3.3616e-07
  5.6700e+02   3.3547e-07
  5.6800e+02   3.3478e-07
  5.6900e+02   3.3410e-07
  5.7000e+02   3.3342e-07
  5.7100e+02   3.3274e-07
  5.7200e+02   3.3207e-07
  5.7300e+02   3.3140e-07
  5.7400e+02   3.3073e-07
  5.7500e+02   3.3006e-07
  5.7600e+02   3.2940e-07
  5.7700e+02   3.2874e-07
  5.7800e+02   3.2808e-07
  5.7900e+02   3.2743e-07
  5.8000e+02   3.2678e-07
  5.8100e+02   3.2613e-07
  5.8200e+02   3.2548e-07
  5.8300e+02   3.2484e-07
  5.8400e+02   3.2420e-07
  5.8500e+02   3.2356e-07
  5.8600e+02   3.2292e-07
  5.8700e+02   3.2229e-07
  5.8800e+02   3.2166e-07
  5.8900e+02   3.2103e-07
  5.9000e+02   3.2041e-07
  5.9100e+02   3.1978e-07
  5.9200e+02   3.1916e-07
  5.9300e+02   3.1855e-07
  5.9400e+02   3.1793e-07
  5.9500e+02   3.1732e-07
  5.9600e+02   3.1671e-07
  5.9700e+02   3.1610e-07
  5.9800e+02   3.1550e-07
  5.9900e+02   3.1489e-07
  6.0000e+02   3.1429e-07
  6.0100e+02   3.1369e-07
  6.0200e+02   3.1310e-07
  6.0300e+02   3.1251e-07
  6.0400e+02   3.1192e-07
  6.0500e+02   3.1133e-07
  6.0600e+02   3.1074e-07
  6.0700e+02   3.1016e-07
  6.0800e+02   3.0958e-07
  6.0900e+02   3.0900e-07
  6.1000e+02   3.0842e-07
  6.1100e+02   3.0785e-07
  6.1200e+02   3.0727e-07
  6.1300e+02   3.0670e-07
  6.1400e+02   3.0614e-07
  6.1500e+02   3.0557e-07
  6.1600e+02   3.0501e-07
  6.1700e+02   3.0445e-07
  6.1800e+02   3.0389e-07
  6.1900e+02   3.0333e-07
  6.2000e+02   3.0278e-07
  6.2100e+02   3.0222e-07
  6.2200e+02   3.0167e-07
  6.2300e+02   3.0113e-07
  6.2400e+02   3.0058e-07
  6.2500e+02   3.0004e-07
  6.2600e+02   2.9949e-07
  6.2700e+02   2.9896e-07
  6.2800e+02   2.9842e-07
  6.2900e+02   2.9788e-07
  6.3000e+02   2.9735e-07
  6.3100e+02   2.9682e-07
  6.3200e+02   2.9629e-07
  6.3300e+02   2.9576e-07
  6.3400e+02   2.9524e-07
  6.3500e+02   2.9471e-07
  6.3600e+02   2.9419e-07
  6.3700e+02   2.9367e-07
  6.3800e+02   2.9315e-07
  6.3900e+02   2.9264e-07
  6.4000e+02   2.9213e-07
  6.4100e+02   2.9161e-07
  6.4200e+02   2.9110e-07
  6.4300e+02   2.9060e-07
  6.4400e+02   2.9009e-07
  6.4500e+02   2.8959e-07
  6.4600e+02   2.8909e-07
  6.4700e+02   2.8859e-07
  6.4800e+02   2.8809e-07
  6.4900e+02   2.8759e-07
  6.5000e+02   2.8710e-07
  6.5100e+02   2.8660e-07
  6.5200e+02   2.8611e-07
  6.5300e+02   2.8562e-07
  6.5400e+02   2.8514e-07
  6.5500e+02   2.8465e-07
  6.5600e+02   2.8417e-07
  6.5700e+02   2.8369e-07
  6.5800e+02   2.8321e-07
  6.5900e+02   2.8273e-07
  6.6000e+02   2.8225e-07
  6.6100e+02   2.8178e-07
  6.6200e+02   2.8130e-07
  6.6300e+02   2.8083e-07
  6.6400e+02   2.8036e-07
  6.6500e+02   2.7989e-07
  6.6600e+02   2.7943e-07
  6.6700e+02   2.7896e-07
  6.6800e+02   2.7850e-07
  6.6900e+02   2.7804e-07
  6.7000e+02   2.7758e-07
  6.7100e+02   2.7712e-07
  6.7200e+02   2.7666e-07
  6.7300e+02   2.7621e-07
  6.7400e+02   2.7576e-07
  6.7500e+02   2.7531e-07
  6.7600e+02   2.7486e-07
  6.7700e+02   2.7441e-07
  6.7800e+02   2.7396e-07
  6.7900e+02   2.7352e-07
  6.8000e+02   2.7307e-07
  6.8100e+02   2.7263e-07
  6.8200e+02   2.7219e-07
  6.8300e+02   2.7175e-07
  6.8400e+02   2.7131e-07
  6.8500e+02   2.7088e-07
  6.8600e+02   2.7045e-07
  6.8700e+02   2.7001e-07
  6.8800e+02   2.6958e-07
  6.8900e+02   2.6915e-07
  6.9000e+02   2.6872e-07
  6.9100e+02   2.6830e-07
  6.9200e+02   2.6787e-07
  6.9300e+02   2.6745e-07
  6.9400e+02   2.6703e-07
  6.9500e+02   2.6661e-07
  6.9600e+02   2.6619e-07
  6.9700e+02   2.6577e-07
  6.9800e+02   2.6535e-07
  6.9900e+02   2.6494e-07
  7.0000e+02   2.6452e-07
  7.0100e+02   2.6411e-07
  7.0200e+02   2.6370e-07
  7.0300e+02   2.6329e-07
  7.0400e+02   2.6289e-07
  7.0500e+02   2.6248e-07
  7.0600e+02   2.6207e-07
  7.0700e+02   2.6167e-07
  7.0800e+02   2.6127e-07
  7.0900e+02   2.6087e-07
  7.1000e+02   2.6047e-07
  7.1100e+02   2.6007e-07
  7.1200e+02   2.5967e-07
  7.1300e+02   2.5928e-07
  7.1400e+02   2.5888e-07
  7.1500e+02   2.5849e-07
  7.1600e+02   2.5810e-07
  7.1700e+02   2.5771e-07
  7.1800e+02   2.5732e-07
  7.1900e+02   2.5693e-07
  7.2000e+02   2.5655e-07
  7.2100e+02   2.5616e-07
  7.2200e+02   2.5578e-07
  7.2300e+02   2.5539e-07
  7.2400e+02   2.5501e-07
  7.2500e+02   2.5463e-07
  7.2600e+02   2.5426e-07
  7.2700e+02   2.5388e-07
  7.2800e+02   2.5350e-07
  7.2900e+02   2.5313e-07
  7.3000e+02   2.5275e-07
  7.3100e+02   2.5238e-07
  7.3200e+02   2.5201e-07
  7.3300e+02   2.5164e-07
  7.3400e+02   2.5127e-07
  7.3500e+02   2.5090e-07
  7.3600e+02   2.5054e-07
  7.3700e+02   2.5017e-07
  7.3800e+02   2.4981e-07
  7.3900e+02   2.4945e-07
  7.4000e+02   2.4908e-07
  7.4100e+02   2.4872e-07
  7.4200e+02   2.4836e-07
  7.4300e+02   2.4801e-07
  7.4400e+02   2.4765e-07
  7.4500e+02   2.4729e-07
  7.4600e+02   2.4694e-07
  7.4700e+02   2.4659e-07
  7.4800e+02   2.4623e-07
  7.4900e+02   2.4588e-07
  7.5000e+02   2.4553e-07
  7.5100e+02   2.4518e-07
  7.5200e+02   2.4484e-07
  7.5300e+02   2.4449e-07
  7.5400e+02   2.4414e-07
  7.5500e+02   2.4380e-07
  7.5600e+02   2.4346e-07
  7.5700e+02   2.4311e-07
  7.5800e+02   2.4277e-07
  7.5900e+02   2.4243e-07
  7.6000e+02   2.4209e-07
  7.6100e+02   2.4175e-07
  7.6200e+02   2.4142e-07
  7.6300e+02   2.4108e-07
  7.6400e+02   2.4075e-07
  7.6500e+02   2.4041e-07
  7.6600e+02   2.4008e-07
  7.6700e+02   2.3975e-07
  7.6800e+02   2.3942e-07
  7.6900e+02   2.3909e-07
  7.7000e+02   2.3876e-07
  7.7100e+02   2.3843e-07
  7.7200e+02   2.3811e-07
  7.7300e+02   2.3778e-07
  7.7400e+02   2.3746e-07
  7.7500e+02   2.3713e-07
  7.7600e+02   2.3681e-07
  7.7700e+02   2.3649e-07
  7.7800e+02   2.3617e-07
  7.7900e+02   2.3585e-07
  7.8000e+02   2.3553e-07
  7.8100e+02   2.3521e-07
  7.8200e+02   2.3490e-07
  7.8300e+02   2.3458e-07
  7.8400e+02   2.3427e-07
  7.8500e+02   2.3395e-07
  7.8600e+02   2.3364e-07
  7.8700e+02   2.3333e-07
  7.8800e+02   2.3302e-07
  7.8900e+02   2.3271e-07
  7.9000e+02   2.3240e-07
  7.9100e+02   2.3209e-07
  7.9200e+02   2.3178e-07
  7.9300e+02   2.3148e-07
  7.9400e+02   2.3117e-07
  7.9500e+02   2.3087e-07
  7.9600e+02   2.3057e-07
  7.9700e+02   2.3026e-07
  7.9800e+02   2.2996e-07
  7.9900e+02   2.2966e-07
  8.0000e+02   2.2936e-07
  8.0100e+02   2.2906e-07
  8.0200e+02   2.2876e-07
  8.0300e+02   2.2847e-07
  8.0400e+02   2.2817e-07
  8.0500e+02   2.2788e-07
  8.0600e+02   2.2758e-07
  8.0700e+02   2.2729e-07
  8.0800e+02   2.2700e-07
  8.0900e+02   2.2670e-07
  8.1000e+02   2.2641e-07
  8.1100e+02   2.2612e-07
  8.1200e+02   2.2583e-07
  8.1300e+02   2.2555e-07
  8.1400e+02   2.2526e-07
  8.1500e+02   2.2497e-07
  8.1600e+02   2.2469e-07
  8.1700e+02   2.2440e-07
  8.1800e+02   2.2412e-07
  8.1900e+02   2.2383e-07
  8.2000e+02   2.2355e-07
  8.2100e+02   2.2327e-07
  8.2200e+02   2.2299e-07
  8.2300e+02   2.2271e-07
  8.2400e+02   2.2243e-07
  8.2500e+02   2.2215e-07
  8.2600e+02   2.2187e-07
  8.2700e+02   2.2160e-07
  8.2800e+02   2.2132e-07
  8.2900e+02   2.2105e-07
  8.3000e+02   2.2077e-07
  8.3100e+02   2.2050e-07
  8.3200e+02   2.2023e-07
  8.3300e+02   2.1995e-07
  8.3400e+02   2.1968e-07
  8.3500e+02   2.1941e-07
  8.3600e+02   2.1914e-07
  8.3700e+02   2.1887e-07
  8.3800e+02   2.1861e-07
  8.3900e+02   2.1834e-07
  8.4000e+02   2.1807e-07
  8.4100e+02   2.1781e-07
  8.4200e+02   2.1754e-07
  8.4300e+02   2.1728e-07
  8.4400e+02   2.1701e-07
  8.4500e+02   2.1675e-07
  8.4600e+02   2.1649e-07
  8.4700e+02   2.1623e-07
  8.4800e+02   2.1597e-07
  8.4900e+02   2.1571e-07
  8.5000e+02   2.1545e-07
  8.5100e+02   2.1519e-07
  8.5200e+02   2.1493e-07
  8.5300e+02   2.1468e-07
  8.5400e+02   2.1442e-07
  8.5500e+02   2.1416e-07
  8.5600e+02   2.1391e-07
  8.5700e+02   2.1365e-07
  8.5800e+02   2.1340e-07
  8.5900e+02   2.1315e-07
  8.6000e+02   2.1290e-07
  8.6100e+02   2.1265e-07
  8.6200e+02   2.1240e-07
  8.6300e+02   2.1215e-07
  8.6400e+02   2.1190e-07
  8.6500e+02   2.1165e-07
  8.6600e+02   2.1140e-07
  8.6700e+02   2.1115e-07
  8.6800e+02   2.1091e-07
  8.6900e+02   2.1066e-07
  8.7000e+02   2.1042e-07
  8.7100e+02   2.1017e-07
  8.7200e+02   2.0993e-07
  8.7300e+02   2.0969e-07
  8.7400e+02   2.0944e-07
  8.7500e+02   2.0920e-07
  8.7600e+02   2.0896e-07
  8.7700e+02   2.0872e-07
  8.7800e+02   2.0848e-07
  8.7900e+02   2.0824e-07
  8.8000e+02   2.0800e-07
  8.8100e+02   2.0777e-07
  8.8200e+02   2.0753e-07
  8.8300e+02   2.0729e-07
  8.8400e+02   2.0706e-07
  8.8500e+02   2.0682e-07
  8.8600e+02   2.0659e-07
  8.8700e+02   2.0635e-07
  8.8800e+02   2.0612e-07
  8.8900e+02   2.0589e-07
  8.9000e+02   2.0565e-07
  8.9100e+02   2.0542e-07
  8.9200e+02   2.0519e-07
  8.9300e+02   2.0496e-07
  8.9400e+02   2.0473e-07
  8.9500e+02   2.0450e-07
  8.9600e+02   2.0428e-07
  8.9700e+02   2.0405e-07
  8.9800e+02   2.0382e-07
  8.9900e+02   2.0359e-07
  9.0000e+02   2.0337e-07
  9.0100e+02   2.0314e-07
  9.0200e+02   2.0292e-07
  9.0300e+02   2.0269e-07
  9.0400e+02   2.0247e-07
  9.0500e+02   2.0225e-07
  9.0600e+02   2.0203e-07
  9.0700e+02   2.0180e-07
  9.0800e+02   2.0158e-07
  9.0900e+02   2.0136e-07
  9.1000e+02   2.0114e-07
  9.1100e+02   2.0092e-07
  9.1200e+02   2.0070e-07
  9.1300e+02   2.0049e-07
  9.1400e+02   2.0027e-07
  9.1500e+02   2.0005e-07
  9.1600e+02   1.9983e-07
  9.1700e+02   1.9962e-07
  9.1800e+02   1.9940e-07
  9.1900e+02   1.9919e-07
  9.2000e+02   1.9897e-07
  9.2100e+02   1.9876e-07
  9.2200e+02   1.9855e-07
  9.2300e+02   1.9833e-07
  9.2400e+02   1.9812e-07
  9.2500e+02   1.9791e-07
  9.2600e+02   1.9770e-07
  9.2700e+02   1.9749e-07
  9.2800e+02   1.9728e-07
  9.2900e+02   1.9707e-07
  9.3000e+02   1.9686e-07
  9.3100e+02   1.9665e-07
  9.3200e+02   1.9645e-07
  9.3300e+02   1.9624e-07
  9.3400e+02   1.9603e-07
  9.3500e+02   1.9583e-07
  9.3600e+02   1.9562e-07
  9.3700e+02   1.9541e-07
  9.3800e+02   1.9521e-07
  9.3900e+02   1.9501e-07
  9.4000e+02   1.9480e-07
  9.4100e+02   1.9460e-07
  9.4200e+02   1.9440e-07
  9.4300e+02   1.9419e-07
  9.4400e+02   1.9399e-07
  9.4500e+02   1.9379e-07
  9.4600e+02   1.9359e-07
  9.4700e+02   1.9339e-07
  9.4800e+02   1.9319e-07
  9.4900e+02   1.9299e-07
  9.5000e+02   1.9280e-07
  9.5100e+02   1.9260e-07
  9.5200e+02   1.9240e-07
  9.5300e+02   1.9220e-07
  9.5400e+02   1.9201e-07
  9.5500e+02   1.9181e-07
  9.5600e+02   1.9161e-07
  9.5700e+02   1.9142e-07
  9.5800e+02   1.9123e-07
  9.5900e+02   1.9103e-07
  9.6000e+02   1.9084e-07
  9.6100e+02   1.9064e-07
  9.6200e+02   1.9045e-07
  9.6300e+02   1.9026e-07
  9.6400e+02   1.9007e-07
  9.6500e+02   1.8988e-07
  9.6600e+02   1.8969e-07
  9.6700e+02   1.8950e-07
  9.6800e+02   1.8931e-07
  9.6900e+02   1.8912e-07
  9.7000e+02   1.8893e-07
  9.7100e+02   1.8874e-07
  9.7200e+02   1.8855e-07
  9.7300e+02   1.8836e-07
  9.7400e+02   1.8818e-07
  9.7500e+02   1.8799e-07
  9.7600e+02   1.8781e-07
  9.7700e+02   1.8762e-07
  9.7800e+02   1.8743e-07
  9.7900e+02   1.8725e-07
  9.8000e+02   1.8707e-07
  9.8100e+02   1.8688e-07
  9.8200e+02   1.8670e-07
  9.8300e+02   1.8652e-07
  9.8400e+02   1.8633e-07
  9.8500e+02   1.8615e-07
  9.8600e+02   1.8597e-07
  9.8700e+02   1.8579e-07
  9.8800e+02   1.8561e-07
  9.8900e+02   1.8543e-07
  9.9000e+02   1.8525e-07
  9.9100e+02   1.8507e-07
  9.9200e+02   1.8489e-07
  9.9300e+02   1.8471e-07
  9.9400e+02   1.8453e-07
  9.9500e+02   1.8436e-07
  9.9600e+02   1.8418e-07
  9.9700e+02   1.8400e-07
  9.9800e+02   1.8383e-07
  9.9900e+02   1.8365e-07
  1.0000e+03   1.8347e-07
  1.0010e+03   1.8330e-07
  1.0020e+03   1.8312e-07
  1.0030e+03   1.8295e-07
  1.0040e+03   1.8278e-07
  1.0050e+03   1.8260e-07
  1.0060e+03   1.8243e-07
  1.0070e+03   1.8226e-07
  1.0080e+03   1.8208e-07
  1.0090e+03   1.8191e-07
  1.0100e+03   1.8174e-07
  1.0110e+03   1.8157e-07
  1.0120e+03   1.8140e-07
  1.0130e+03   1.8123e-07
  1.0140e+03   1.8106e-07
  1.0150e+03   1.8089e-07
  1.0160e+03   1.8072e-07
  1.0170e+03   1.8055e-07
  1.0180e+03   1.8038e-07
  1.0190e+03   1.8022e-07
  1.0200e+03   1.8005e-07
  1.0210e+03   1.7988e-07
  1.0220e+03   1.7971e-07
  1.0230e+03   1.7955e-07
  1.0240e+03   1.7938e-07
  1.0250e+03   1.7922e-07
  1.0260e+03   1.7905e-07
  1.0270e+03   1.7889e-07
  1.0280e+03   1.7872e-07
  1.0290e+03   1.7856e-07
  1.0300e+03   1.7840e-07
  1.0310e+03   1.7823e-07
  1.0320e+03   1.7807e-07
  1.0330e+03   1.7791e-07
  1.0340e+03   1.7775e-07
  1.0350e+03   1.7758e-07
  1.0360e+03   1.7742e-07
  1.0370e+03   1.7726e-07
  1.0380e+03   1.7710e-07
  1.0390e+03   1.7694e-07
  1.0400e+03   1.7678e-07
  1.0410e+03   1.7662e-07
  1.0420e+03   1.7646e-07
  1.0430e+03   1.7630e-07
  1.0440e+03   1.7614e-07
  1.0450e+03   1.7599e-07
  1.0460e+03   1.7583e-07
  1.0470e+03   1.7567e-07
  1.0480e+03   1.7551e-07
  1.0490e+03   1.7536e-07
  1.0500e+03   1.7520e-07
  1.0510e+03   1.7505e-07
  1.0520e+03   1.7489e-07
  1.0530e+03   1.7474e-07
  1.0540e+03   1.7458e-07
  1.0550e+03   1.7443e-07
  1.0560e+03   1.7427e-07
  1.0570e+03   1.7412e-07
  1.0580e+03   1.7396e-07
  1.0590e+03   1.7381e-07
  1.0600e+03   1.7366e-07
  1.0610e+03   1.7351e-07
  1.0620e+03   1.7335e-07
  1.0630e+03   1.7320e-07
  1.0640e+03   1.7305e-07
  1.0650e+03   1.7290e-07
  1.0660e+03   1.7275e-07
  1.0670e+03   1.7260e-07
  1.0680e+03   1.7245e-07
  1.0690e+03   1.7230e-07
  1.0700e+03   1.7215e-07
  1.0710e+03   1.7200e-07
  1.0720e+03   1.7185e-07
  1.0730e+03   1.7170e-07
  1.0740e+03   1.7156e-07
  1.0750e+03   1.7141e-07
  1.0760e+03   1.7126e-07
  1.0770e+03   1.7111e-07
  1.0780e+03   1.7097e-07
  1.0790e+03   1.7082e-07
  1.0800e+03   1.7067e-07
  1.0810e+03   1.7053e-07
  1.0820e+03   1.7038e-07
  1.0830e+03   1.7024e-07
  1.0840e+03   1.7009e-07
  1.0850e+03   1.6995e-07
  1.0860e+03   1.6980e-07
  1.0870e+03   1.6966e-07
  1.0880e+03   1.6952e-07
  1.0890e+03   1.6937e-07
  1.0900e+03   1.6923e-07
  1.0910e+03   1.6909e-07
  1.0920e+03   1.6895e-07
  1.0930e+03   1.6880e-07
  1.0940e+03   1.6866e-07
  1.0950e+03   1.6852e-07
  1.0960e+03   1.6838e-07
  1.0970e+03   1.6824e-07
  1.0980e+03   1.6810e-07
  1.0990e+03   1.6796e-07
  1.1000e+03   1.6782e-07
  1.1010e+03   1.6768e-07
  1.1020e+03   1.6754e-07
  1.1030e+03   1.6740e-07
  1.1040e+03   1.6726e-07
  1.1050e+03   1.6712e-07
  1.1060e+03   1.6699e-07
  1.1070e+03   1.6685e-07
  1.1080e+03   1.6671e-07
  1.1090e+03   1.6657e-07
  1.1100e+03   1.6644e-07
  1.1110e+03   1.6630e-07
  1.1120e+03   1.6616e-07
  1.1130e+03   1.6603e-07
  1.1140e+03   1.6589e-07
  1.1150e+03   1.6576e-07
  1.1160e+03   1.6562e-07
  1.1170e+03   1.6549e-07
  1.1180e+03   1.6535e-07
  1.1190e+03   1.6522e-07
  1.1200e+03   1.6509e-07
  1.1210e+03   1.6495e-07
  1.1220e+03   1.6482e-07
  1.1230e+03   1.6468e-07
  1.1240e+03   1.6455e-07
  1.1250e+03   1.6442e-07
  1.1260e+03   1.6429e-07
  1.1270e+03   1.6416e-07
  1.1280e+03   1.6402e-07
  1.1290e+03   1.6389e-07
  1.1300e+03   1.6376e-07
  1.1310e+03   1.6363e-07
  1.1320e+03   1.6350e-07
  1.1330e+03   1.6337e-07
  1.1340e+03   1.6324e-07
  1.1350e+03   1.6311e-07
  1.1360e+03   1.6298e-07
  1.1370e+03   1.6285e-07
  1.1380e+03   1.6272e-07
  1.1390e+03   1.6259e-07
  1.1400e+03   1.6246e-07
  1.1410e+03   1.6234e-07
  1.1420e+03   1.6221e-07
  1.1430e+03   1.6208e-07
  1.1440e+03   1.6195e-07
  1.1450e+03   1.6183e-07
  1.1460e+03   1.6170e-07
  1.1470e+03   1.6157e-07
  1.1480e+03   1.6145e-07
  1.1490e+03   1.6132e-07
  1.1500e+03   1.6120e-07
  1.1510e+03   1.6107e-07
  1.1520e+03   1.6094e-07
  1.1530e+03   1.6082e-07
  1.1540e+03   1.6069e-07
  1.1550e+03   1.6057e-07
  1.1560e+03   1.6045e-07
  1.1570e+03   1.6032e-07
  1.1580e+03   1.6020e-07
  1.1590e+03   1.6007e-07
  1.1600e+03   1.5995e-07
  1.1610e+03   1.5983e-07
  1.1620e+03   1.5971e-07
  1.1630e+03   1.5958e-07
  1.1640e+03   1.5946e-07
  1.1650e+03   1.5934e-07
  1.1660e+03   1.5922e-07
  1.1670e+03   1.5910e-07
  1.1680e+03   1.5897e-07
  1.1690e+03   1.5885e-07
  1.1700e+03   1.5873e-07
  1.1710e+03   1.5861e-07
  1.1720e+03   1.5849e-07
  1.1730e+03   1.5837e-07
  1.1740e+03   1.5825e-07
  1.1750e+03   1.5813e-07
  1.1760e+03   1.5801e-07
  1.1770e+03   1.5790e-07
  1.1780e+03   1.5778e-07
  1.1790e+03   1.5766e-07
  1.1800e+03   1.5754e-07
  1.1810e+03   1.5742e-07
  1.1820e+03   1.5730e-07
  1.1830e+03   1.5719e-07
  1.1840e+03   1.5707e-07
  1.1850e+03   1.5695e-07
  1.1860e+03   1.5683e-07
  1.1870e+03   1.5672e-07
  1.1880e+03   1.5660e-07
  1.1890e+03   1.5649e-07
  1.1900e+03   1.5637e-07
  1.1910e+03   1.5625e-07
  1.1920e+03   1.5614e-07
  1.1930e+03   1.5602e-07
  1.1940e+03   1.5591e-07
  1.1950e+03   1.5579e-07
  1.1960e+03   1.5568e-07
  1.1970e+03   1.5556e-07
  1.1980e+03   1.5545e-07
  1.1990e+03   1.5534e-07
  1.2000e+03   1.5522e-07
  1.2010e+03   1.5511e-07
  1.2020e+03   1.5500e-07
  1.2030e+03   1.5488e-07
  1.2040e+03   1.5477e-07
  1.2050e+03   1.5466e-07
  1.2060e+03   1.5455e-07
  1.2070e+03   1.5443e-07
  1.2080e+03   1.5432e-07
  1.2090e+03   1.5421e-07
  1.2100e+03   1.5410e-07
  1.2110e+03   1.5399e-07
  1.2120e+03   1.5388e-07
  1.2130e+03   1.5377e-07
  1.2140e+03   1.5365e-07
  1.2150e+03   1.5354e-07
  1.2160e+03   1.5343e-07
  1.2170e+03   1.5332e-07
  1.2180e+03   1.5321e-07
  1.2190e+03   1.5311e-07
  1.2200e+03   1.5300e-07
  1.2210e+03   1.5289e-07
  1.2220e+03   1.5278e-07
  1.2230e+03   1.5267e-07
  1.2240e+03   1.5256e-07
  1.2250e+03   1.5245e-07
  1.2260e+03   1.5235e-07
  1.2270e+03   1.5224e-07
  1.2280e+03   1.5213e-07
  1.2290e+03   1.5202e-07
  1.2300e+03   1.5192e-07
  1.2310e+03   1.5181e-07
  1.2320e+03   1.5170e-07
  1.2330e+03   1.5159e-07
  1.2340e+03   1.5149e-07
  1.2350e+03   1.5138e-07
  1.2360e+03   1.5128e-07
  1.2370e+03   1.5117e-07
  1.2380e+03   1.5107e-07
  1.2390e+03   1.5096e-07
  1.2400e+03   1.5085e-07
  1.2410e+03   1.5075e-07
  1.2420e+03   1.5065e-07
  1.2430e+03   1.5054e-07
  1.2440e+03   1.5044e-07
  1.2450e+03   1.5033e-07
  1.2460e+03   1.5023e-07
  1.2470e+03   1.5012e-07
  1.2480e+03   1.5002e-07
  1.2490e+03   1.4992e-07
  1.2500e+03   1.4981e-07
