# Best fit model.
# chi^2=2.110000e+01.
# z_eff=0.912477.
# Parameters:   1.3924e+00   1.0245e+00  -1.1449e-01  -2.7454e+00   5.2156e+00   1.0115e+00
#         ell        C_l_a        C_l_x
   0.0000e+00   3.2683e-06   7.7276e-08
   1.0000e+00   4.8307e-06   1.4115e-07
   2.0000e+00   6.3062e-06   2.0087e-07
   3.0000e+00   7.6978e-06   2.5661e-07
   4.0000e+00   9.0083e-06   3.0853e-07
   5.0000e+00   1.0241e-05   3.5682e-07
   6.0000e+00   1.1398e-05   4.0165e-07
   7.0000e+00   1.2483e-05   4.4319e-07
   8.0000e+00   1.3499e-05   4.8161e-07
   9.0000e+00   1.4449e-05   5.1709e-07
   1.0000e+01   1.5335e-05   5.4981e-07
   1.1000e+01   1.6161e-05   5.7992e-07
   1.2000e+01   1.6929e-05   6.0762e-07
   1.3000e+01   1.7643e-05   6.3306e-07
   1.4000e+01   1.8305e-05   6.5640e-07
   1.5000e+01   1.8917e-05   6.7778e-07
   1.6000e+01   1.9483e-05   6.9732e-07
   1.7000e+01   2.0005e-05   7.1514e-07
   1.8000e+01   2.0484e-05   7.3134e-07
   1.9000e+01   2.0923e-05   7.4600e-07
   2.0000e+01   2.1323e-05   7.5923e-07
   2.1000e+01   2.1687e-05   7.7108e-07
   2.2000e+01   2.2016e-05   7.8165e-07
   2.3000e+01   2.2311e-05   7.9099e-07
   2.4000e+01   2.2575e-05   7.9917e-07
   2.5000e+01   2.2809e-05   8.0625e-07
   2.6000e+01   2.3013e-05   8.1229e-07
   2.7000e+01   2.3190e-05   8.1735e-07
   2.8000e+01   2.3341e-05   8.2147e-07
   2.9000e+01   2.3467e-05   8.2471e-07
   3.0000e+01   2.3569e-05   8.2710e-07
   3.1000e+01   2.3649e-05   8.2870e-07
   3.2000e+01   2.3707e-05   8.2955e-07
   3.3000e+01   2.3744e-05   8.2968e-07
   3.4000e+01   2.3762e-05   8.2914e-07
   3.5000e+01   2.3762e-05   8.2797e-07
   3.6000e+01   2.3744e-05   8.2619e-07
   3.7000e+01   2.3710e-05   8.2386e-07
   3.8000e+01   2.3660e-05   8.2099e-07
   3.9000e+01   2.3596e-05   8.1763e-07
   4.0000e+01   2.3517e-05   8.1380e-07
   4.1000e+01   2.3426e-05   8.0953e-07
   4.2000e+01   2.3323e-05   8.0486e-07
   4.3000e+01   2.3209e-05   7.9981e-07
   4.4000e+01   2.3084e-05   7.9441e-07
   4.5000e+01   2.2949e-05   7.8869e-07
   4.6000e+01   2.2805e-05   7.8267e-07
   4.7000e+01   2.2653e-05   7.7638e-07
   4.8000e+01   2.2494e-05   7.6983e-07
   4.9000e+01   2.2327e-05   7.6306e-07
   5.0000e+01   2.2154e-05   7.5609e-07
   5.1000e+01   2.1975e-05   7.4894e-07
   5.2000e+01   2.1791e-05   7.4162e-07
   5.3000e+01   2.1603e-05   7.3416e-07
   5.4000e+01   2.1410e-05   7.2658e-07
   5.5000e+01   2.1214e-05   7.1890e-07
   5.6000e+01   2.1016e-05   7.1113e-07
   5.7000e+01   2.0814e-05   7.0329e-07
   5.8000e+01   2.0611e-05   6.9539e-07
   5.9000e+01   2.0406e-05   6.8746e-07
   6.0000e+01   2.0200e-05   6.7950e-07
   6.1000e+01   1.9993e-05   6.7153e-07
   6.2000e+01   1.9786e-05   6.6356e-07
   6.3000e+01   1.9579e-05   6.5561e-07
   6.4000e+01   1.9373e-05   6.4769e-07
   6.5000e+01   1.9167e-05   6.3980e-07
   6.6000e+01   1.8962e-05   6.3197e-07
   6.7000e+01   1.8758e-05   6.2419e-07
   6.8000e+01   1.8556e-05   6.1647e-07
   6.9000e+01   1.8356e-05   6.0883e-07
   7.0000e+01   1.8158e-05   6.0128e-07
   7.1000e+01   1.7963e-05   5.9381e-07
   7.2000e+01   1.7769e-05   5.8644e-07
   7.3000e+01   1.7578e-05   5.7916e-07
   7.4000e+01   1.7390e-05   5.7200e-07
   7.5000e+01   1.7205e-05   5.6494e-07
   7.6000e+01   1.7023e-05   5.5799e-07
   7.7000e+01   1.6844e-05   5.5116e-07
   7.8000e+01   1.6668e-05   5.4445e-07
   7.9000e+01   1.6495e-05   5.3787e-07
   8.0000e+01   1.6325e-05   5.3141e-07
   8.1000e+01   1.6159e-05   5.2508e-07
   8.2000e+01   1.5997e-05   5.1888e-07
   8.3000e+01   1.5838e-05   5.1281e-07
   8.4000e+01   1.5683e-05   5.0688e-07
   8.5000e+01   1.5531e-05   5.0109e-07
   8.6000e+01   1.5383e-05   4.9543e-07
   8.7000e+01   1.5240e-05   4.8992e-07
   8.8000e+01   1.5100e-05   4.8454e-07
   8.9000e+01   1.4964e-05   4.7931e-07
   9.0000e+01   1.4832e-05   4.7421e-07
   9.1000e+01   1.4703e-05   4.6925e-07
   9.2000e+01   1.4579e-05   4.6442e-07
   9.3000e+01   1.4458e-05   4.5973e-07
   9.4000e+01   1.4341e-05   4.5517e-07
   9.5000e+01   1.4227e-05   4.5075e-07
   9.6000e+01   1.4117e-05   4.4645e-07
   9.7000e+01   1.4011e-05   4.4227e-07
   9.8000e+01   1.3907e-05   4.3822e-07
   9.9000e+01   1.3807e-05   4.3428e-07
   1.0000e+02   1.3711e-05   4.3046e-07
   1.0100e+02   1.3617e-05   4.2674e-07
   1.0200e+02   1.3526e-05   4.2314e-07
   1.0300e+02   1.3438e-05   4.1964e-07
   1.0400e+02   1.3353e-05   4.1624e-07
   1.0500e+02   1.3270e-05   4.1294e-07
   1.0600e+02   1.3190e-05   4.0973e-07
   1.0700e+02   1.3112e-05   4.0661e-07
   1.0800e+02   1.3037e-05   4.0358e-07
   1.0900e+02   1.2964e-05   4.0063e-07
   1.1000e+02   1.2893e-05   3.9775e-07
   1.1100e+02   1.2823e-05   3.9496e-07
   1.1200e+02   1.2756e-05   3.9223e-07
   1.1300e+02   1.2691e-05   3.8958e-07
   1.1400e+02   1.2627e-05   3.8699e-07
   1.1500e+02   1.2566e-05   3.8447e-07
   1.1600e+02   1.2505e-05   3.8200e-07
   1.1700e+02   1.2447e-05   3.7960e-07
   1.1800e+02   1.2390e-05   3.7725e-07
   1.1900e+02   1.2334e-05   3.7495e-07
   1.2000e+02   1.2279e-05   3.7269e-07
   1.2100e+02   1.2226e-05   3.7048e-07
   1.2200e+02   1.2174e-05   3.6832e-07
   1.2300e+02   1.2123e-05   3.6619e-07
   1.2400e+02   1.2072e-05   3.6409e-07
   1.2500e+02   1.2023e-05   3.6203e-07
   1.2600e+02   1.1974e-05   3.6000e-07
   1.2700e+02   1.1926e-05   3.5799e-07
   1.2800e+02   1.1879e-05   3.5600e-07
   1.2900e+02   1.1831e-05   3.5403e-07
   1.3000e+02   1.1785e-05   3.5208e-07
   1.3100e+02   1.1738e-05   3.5015e-07
   1.3200e+02   1.1692e-05   3.4822e-07
   1.3300e+02   1.1646e-05   3.4630e-07
   1.3400e+02   1.1599e-05   3.4440e-07
   1.3500e+02   1.1553e-05   3.4249e-07
   1.3600e+02   1.1507e-05   3.4058e-07
   1.3700e+02   1.1460e-05   3.3868e-07
   1.3800e+02   1.1413e-05   3.3677e-07
   1.3900e+02   1.1366e-05   3.3485e-07
   1.4000e+02   1.1318e-05   3.3293e-07
   1.4100e+02   1.1270e-05   3.3101e-07
   1.4200e+02   1.1222e-05   3.2908e-07
   1.4300e+02   1.1173e-05   3.2714e-07
   1.4400e+02   1.1124e-05   3.2519e-07
   1.4500e+02   1.1074e-05   3.2323e-07
   1.4600e+02   1.1024e-05   3.2126e-07
   1.4700e+02   1.0973e-05   3.1928e-07
   1.4800e+02   1.0922e-05   3.1728e-07
   1.4900e+02   1.0871e-05   3.1527e-07
   1.5000e+02   1.0819e-05   3.1325e-07
   1.5100e+02   1.0766e-05   3.1122e-07
   1.5200e+02   1.0713e-05   3.0917e-07
   1.5300e+02   1.0659e-05   3.0711e-07
   1.5400e+02   1.0605e-05   3.0504e-07
   1.5500e+02   1.0551e-05   3.0296e-07
   1.5600e+02   1.0496e-05   3.0086e-07
   1.5700e+02   1.0440e-05   2.9876e-07
   1.5800e+02   1.0384e-05   2.9664e-07
   1.5900e+02   1.0328e-05   2.9451e-07
   1.6000e+02   1.0271e-05   2.9237e-07
   1.6100e+02   1.0214e-05   2.9022e-07
   1.6200e+02   1.0157e-05   2.8807e-07
   1.6300e+02   1.0099e-05   2.8590e-07
   1.6400e+02   1.0041e-05   2.8373e-07
   1.6500e+02   9.9822e-06   2.8156e-07
   1.6600e+02   9.9235e-06   2.7938e-07
   1.6700e+02   9.8647e-06   2.7719e-07
   1.6800e+02   9.8058e-06   2.7501e-07
   1.6900e+02   9.7467e-06   2.7282e-07
   1.7000e+02   9.6875e-06   2.7063e-07
   1.7100e+02   9.6283e-06   2.6845e-07
   1.7200e+02   9.5690e-06   2.6626e-07
   1.7300e+02   9.5098e-06   2.6408e-07
   1.7400e+02   9.4507e-06   2.6190e-07
   1.7500e+02   9.3916e-06   2.5973e-07
   1.7600e+02   9.3326e-06   2.5757e-07
   1.7700e+02   9.2739e-06   2.5541e-07
   1.7800e+02   9.2153e-06   2.5326e-07
   1.7900e+02   9.1570e-06   2.5112e-07
   1.8000e+02   9.0990e-06   2.4899e-07
   1.8100e+02   9.0413e-06   2.4687e-07
   1.8200e+02   8.9839e-06   2.4477e-07
   1.8300e+02   8.9270e-06   2.4268e-07
   1.8400e+02   8.8705e-06   2.4060e-07
   1.8500e+02   8.8145e-06   2.3854e-07
   1.8600e+02   8.7589e-06   2.3650e-07
   1.8700e+02   8.7039e-06   2.3448e-07
   1.8800e+02   8.6494e-06   2.3248e-07
   1.8900e+02   8.5954e-06   2.3049e-07
   1.9000e+02   8.5420e-06   2.2853e-07
   1.9100e+02   8.4892e-06   2.2658e-07
   1.9200e+02   8.4370e-06   2.2466e-07
   1.9300e+02   8.3854e-06   2.2275e-07
   1.9400e+02   8.3344e-06   2.2087e-07
   1.9500e+02   8.2840e-06   2.1902e-07
   1.9600e+02   8.2344e-06   2.1718e-07
   1.9700e+02   8.1854e-06   2.1538e-07
   1.9800e+02   8.1371e-06   2.1359e-07
   1.9900e+02   8.0896e-06   2.1184e-07
   2.0000e+02   8.0427e-06   2.1011e-07
   2.0100e+02   7.9966e-06   2.0840e-07
   2.0200e+02   7.9513e-06   2.0672e-07
   2.0300e+02   7.9067e-06   2.0507e-07
   2.0400e+02   7.8628e-06   2.0345e-07
   2.0500e+02   7.8197e-06   2.0185e-07
   2.0600e+02   7.7773e-06   2.0028e-07
   2.0700e+02   7.7358e-06   1.9873e-07
   2.0800e+02   7.6950e-06   1.9722e-07
   2.0900e+02   7.6549e-06   1.9573e-07
   2.1000e+02   7.6157e-06   1.9427e-07
   2.1100e+02   7.5772e-06   1.9283e-07
   2.1200e+02   7.5395e-06   1.9143e-07
   2.1300e+02   7.5026e-06   1.9005e-07
   2.1400e+02   7.4665e-06   1.8870e-07
   2.1500e+02   7.4313e-06   1.8737e-07
   2.1600e+02   7.3968e-06   1.8608e-07
   2.1700e+02   7.3631e-06   1.8481e-07
   2.1800e+02   7.3302e-06   1.8357e-07
   2.1900e+02   7.2981e-06   1.8235e-07
   2.2000e+02   7.2667e-06   1.8117e-07
   2.2100e+02   7.2361e-06   1.8000e-07
   2.2200e+02   7.2063e-06   1.7887e-07
   2.2300e+02   7.1772e-06   1.7776e-07
   2.2400e+02   7.1488e-06   1.7667e-07
   2.2500e+02   7.1212e-06   1.7560e-07
   2.2600e+02   7.0943e-06   1.7456e-07
   2.2700e+02   7.0680e-06   1.7355e-07
   2.2800e+02   7.0425e-06   1.7255e-07
   2.2900e+02   7.0177e-06   1.7158e-07
   2.3000e+02   6.9935e-06   1.7063e-07
   2.3100e+02   6.9701e-06   1.6970e-07
   2.3200e+02   6.9473e-06   1.6880e-07
   2.3300e+02   6.9251e-06   1.6791e-07
   2.3400e+02   6.9035e-06   1.6704e-07
   2.3500e+02   6.8826e-06   1.6620e-07
   2.3600e+02   6.8622e-06   1.6537e-07
   2.3700e+02   6.8424e-06   1.6456e-07
   2.3800e+02   6.8231e-06   1.6376e-07
   2.3900e+02   6.8043e-06   1.6298e-07
   2.4000e+02   6.7859e-06   1.6222e-07
   2.4100e+02   6.7680e-06   1.6147e-07
   2.4200e+02   6.7505e-06   1.6074e-07
   2.4300e+02   6.7333e-06   1.6002e-07
   2.4400e+02   6.7166e-06   1.5931e-07
   2.4500e+02   6.7001e-06   1.5862e-07
   2.4600e+02   6.6840e-06   1.5794e-07
   2.4700e+02   6.6682e-06   1.5726e-07
   2.4800e+02   6.6526e-06   1.5660e-07
   2.4900e+02   6.6372e-06   1.5595e-07
   2.5000e+02   6.6220e-06   1.5530e-07
   2.5100e+02   6.6070e-06   1.5466e-07
   2.5200e+02   6.5922e-06   1.5403e-07
   2.5300e+02   6.5775e-06   1.5341e-07
   2.5400e+02   6.5629e-06   1.5279e-07
   2.5500e+02   6.5484e-06   1.5218e-07
   2.5600e+02   6.5340e-06   1.5158e-07
   2.5700e+02   6.5198e-06   1.5098e-07
   2.5800e+02   6.5055e-06   1.5038e-07
   2.5900e+02   6.4914e-06   1.4979e-07
   2.6000e+02   6.4772e-06   1.4920e-07
   2.6100e+02   6.4631e-06   1.4862e-07
   2.6200e+02   6.4490e-06   1.4803e-07
   2.6300e+02   6.4349e-06   1.4745e-07
   2.6400e+02   6.4208e-06   1.4687e-07
   2.6500e+02   6.4066e-06   1.4629e-07
   2.6600e+02   6.3924e-06   1.4572e-07
   2.6700e+02   6.3782e-06   1.4514e-07
   2.6800e+02   6.3638e-06   1.4456e-07
   2.6900e+02   6.3493e-06   1.4398e-07
   2.7000e+02   6.3348e-06   1.4340e-07
   2.7100e+02   6.3201e-06   1.4282e-07
   2.7200e+02   6.3053e-06   1.4224e-07
   2.7300e+02   6.2904e-06   1.4165e-07
   2.7400e+02   6.2753e-06   1.4107e-07
   2.7500e+02   6.2601e-06   1.4048e-07
   2.7600e+02   6.2448e-06   1.3989e-07
   2.7700e+02   6.2294e-06   1.3930e-07
   2.7800e+02   6.2139e-06   1.3870e-07
   2.7900e+02   6.1982e-06   1.3811e-07
   2.8000e+02   6.1824e-06   1.3751e-07
   2.8100e+02   6.1665e-06   1.3691e-07
   2.8200e+02   6.1505e-06   1.3631e-07
   2.8300e+02   6.1344e-06   1.3570e-07
   2.8400e+02   6.1182e-06   1.3510e-07
   2.8500e+02   6.1018e-06   1.3449e-07
   2.8600e+02   6.0854e-06   1.3388e-07
   2.8700e+02   6.0688e-06   1.3327e-07
   2.8800e+02   6.0521e-06   1.3266e-07
   2.8900e+02   6.0353e-06   1.3204e-07
   2.9000e+02   6.0184e-06   1.3142e-07
   2.9100e+02   6.0014e-06   1.3080e-07
   2.9200e+02   5.9843e-06   1.3018e-07
   2.9300e+02   5.9671e-06   1.2956e-07
   2.9400e+02   5.9497e-06   1.2893e-07
   2.9500e+02   5.9323e-06   1.2831e-07
   2.9600e+02   5.9149e-06   1.2768e-07
   2.9700e+02   5.8973e-06   1.2705e-07
   2.9800e+02   5.8797e-06   1.2642e-07
   2.9900e+02   5.8621e-06   1.2579e-07
   3.0000e+02   5.8444e-06   1.2516e-07
   3.0100e+02   5.8267e-06   1.2453e-07
   3.0200e+02   5.8089e-06   1.2390e-07
   3.0300e+02   5.7911e-06   1.2327e-07
   3.0400e+02   5.7734e-06   1.2264e-07
   3.0500e+02   5.7556e-06   1.2201e-07
   3.0600e+02   5.7378e-06   1.2138e-07
   3.0700e+02   5.7201e-06   1.2075e-07
   3.0800e+02   5.7024e-06   1.2012e-07
   3.0900e+02   5.6847e-06   1.1950e-07
   3.1000e+02   5.6671e-06   1.1888e-07
   3.1100e+02   5.6495e-06   1.1826e-07
   3.1200e+02   5.6320e-06   1.1764e-07
   3.1300e+02   5.6146e-06   1.1702e-07
   3.1400e+02   5.5972e-06   1.1641e-07
   3.1500e+02   5.5800e-06   1.1580e-07
   3.1600e+02   5.5628e-06   1.1519e-07
   3.1700e+02   5.5457e-06   1.1459e-07
   3.1800e+02   5.5288e-06   1.1398e-07
   3.1900e+02   5.5119e-06   1.1339e-07
   3.2000e+02   5.4952e-06   1.1279e-07
   3.2100e+02   5.4786e-06   1.1220e-07
   3.2200e+02   5.4621e-06   1.1162e-07
   3.2300e+02   5.4458e-06   1.1104e-07
   3.2400e+02   5.4296e-06   1.1046e-07
   3.2500e+02   5.4135e-06   1.0989e-07
   3.2600e+02   5.3976e-06   1.0932e-07
   3.2700e+02   5.3818e-06   1.0875e-07
   3.2800e+02   5.3662e-06   1.0819e-07
   3.2900e+02   5.3507e-06   1.0764e-07
   3.3000e+02   5.3354e-06   1.0709e-07
   3.3100e+02   5.3203e-06   1.0654e-07
   3.3200e+02   5.3053e-06   1.0600e-07
   3.3300e+02   5.2906e-06   1.0547e-07
   3.3400e+02   5.2760e-06   1.0494e-07
   3.3500e+02   5.2616e-06   1.0442e-07
   3.3600e+02   5.2474e-06   1.0390e-07
   3.3700e+02   5.2334e-06   1.0339e-07
   3.3800e+02   5.2196e-06   1.0288e-07
   3.3900e+02   5.2060e-06   1.0238e-07
   3.4000e+02   5.1926e-06   1.0189e-07
   3.4100e+02   5.1794e-06   1.0140e-07
   3.4200e+02   5.1665e-06   1.0092e-07
   3.4300e+02   5.1537e-06   1.0045e-07
   3.4400e+02   5.1412e-06   9.9980e-08
   3.4500e+02   5.1288e-06   9.9518e-08
   3.4600e+02   5.1167e-06   9.9063e-08
   3.4700e+02   5.1048e-06   9.8613e-08
   3.4800e+02   5.0930e-06   9.8169e-08
   3.4900e+02   5.0815e-06   9.7731e-08
   3.5000e+02   5.0702e-06   9.7298e-08
   3.5100e+02   5.0590e-06   9.6872e-08
   3.5200e+02   5.0480e-06   9.6451e-08
   3.5300e+02   5.0372e-06   9.6036e-08
   3.5400e+02   5.0266e-06   9.5626e-08
   3.5500e+02   5.0162e-06   9.5222e-08
   3.5600e+02   5.0059e-06   9.4823e-08
   3.5700e+02   4.9959e-06   9.4430e-08
   3.5800e+02   4.9860e-06   9.4041e-08
   3.5900e+02   4.9762e-06   9.3659e-08
   3.6000e+02   4.9666e-06   9.3281e-08
   3.6100e+02   4.9572e-06   9.2908e-08
   3.6200e+02   4.9479e-06   9.2540e-08
   3.6300e+02   4.9388e-06   9.2178e-08
   3.6400e+02   4.9299e-06   9.1820e-08
   3.6500e+02   4.9211e-06   9.1467e-08
   3.6600e+02   4.9124e-06   9.1118e-08
   3.6700e+02   4.9039e-06   9.0775e-08
   3.6800e+02   4.8956e-06   9.0436e-08
   3.6900e+02   4.8873e-06   9.0102e-08
   3.7000e+02   4.8792e-06   8.9772e-08
   3.7100e+02   4.8713e-06   8.9446e-08
   3.7200e+02   4.8634e-06   8.9124e-08
   3.7300e+02   4.8557e-06   8.8807e-08
   3.7400e+02   4.8481e-06   8.8493e-08
   3.7500e+02   4.8406e-06   8.8183e-08
   3.7600e+02   4.8332e-06   8.7877e-08
   3.7700e+02   4.8259e-06   8.7574e-08
   3.7800e+02   4.8187e-06   8.7275e-08
   3.7900e+02   4.8116e-06   8.6979e-08
   3.8000e+02   4.8045e-06   8.6686e-08
   3.8100e+02   4.7976e-06   8.6397e-08
   3.8200e+02   4.7907e-06   8.6110e-08
   3.8300e+02   4.7839e-06   8.5826e-08
   3.8400e+02   4.7772e-06   8.5545e-08
   3.8500e+02   4.7705e-06   8.5266e-08
   3.8600e+02   4.7639e-06   8.4990e-08
   3.8700e+02   4.7574e-06   8.4716e-08
   3.8800e+02   4.7509e-06   8.4444e-08
   3.8900e+02   4.7444e-06   8.4175e-08
   3.9000e+02   4.7380e-06   8.3907e-08
   3.9100e+02   4.7316e-06   8.3642e-08
   3.9200e+02   4.7252e-06   8.3378e-08
   3.9300e+02   4.7189e-06   8.3115e-08
   3.9400e+02   4.7126e-06   8.2854e-08
   3.9500e+02   4.7063e-06   8.2595e-08
   3.9600e+02   4.7000e-06   8.2336e-08
   3.9700e+02   4.6937e-06   8.2079e-08
   3.9800e+02   4.6874e-06   8.1823e-08
   3.9900e+02   4.6812e-06   8.1568e-08
   4.0000e+02   4.6749e-06   8.1314e-08
   4.0100e+02   4.6687e-06   8.1061e-08
   4.0200e+02   4.6624e-06   8.0809e-08
   4.0300e+02   4.6561e-06   8.0557e-08
   4.0400e+02   4.6499e-06   8.0307e-08
   4.0500e+02   4.6436e-06   8.0058e-08
   4.0600e+02   4.6374e-06   7.9809e-08
   4.0700e+02   4.6311e-06   7.9561e-08
   4.0800e+02   4.6249e-06   7.9314e-08
   4.0900e+02   4.6186e-06   7.9068e-08
   4.1000e+02   4.6123e-06   7.8823e-08
   4.1100e+02   4.6061e-06   7.8578e-08
   4.1200e+02   4.5998e-06   7.8334e-08
   4.1300e+02   4.5935e-06   7.8091e-08
   4.1400e+02   4.5873e-06   7.7848e-08
   4.1500e+02   4.5810e-06   7.7606e-08
   4.1600e+02   4.5747e-06   7.7364e-08
   4.1700e+02   4.5684e-06   7.7123e-08
   4.1800e+02   4.5621e-06   7.6883e-08
   4.1900e+02   4.5558e-06   7.6643e-08
   4.2000e+02   4.5495e-06   7.6403e-08
   4.2100e+02   4.5432e-06   7.6164e-08
   4.2200e+02   4.5369e-06   7.5925e-08
   4.2300e+02   4.5305e-06   7.5687e-08
   4.2400e+02   4.5242e-06   7.5449e-08
   4.2500e+02   4.5178e-06   7.5211e-08
   4.2600e+02   4.5114e-06   7.4974e-08
   4.2700e+02   4.5051e-06   7.4737e-08
   4.2800e+02   4.4987e-06   7.4500e-08
   4.2900e+02   4.4923e-06   7.4263e-08
   4.3000e+02   4.4858e-06   7.4026e-08
   4.3100e+02   4.4794e-06   7.3790e-08
   4.3200e+02   4.4730e-06   7.3554e-08
   4.3300e+02   4.4665e-06   7.3319e-08
   4.3400e+02   4.4601e-06   7.3084e-08
   4.3500e+02   4.4536e-06   7.2849e-08
   4.3600e+02   4.4472e-06   7.2615e-08
   4.3700e+02   4.4408e-06   7.2381e-08
   4.3800e+02   4.4343e-06   7.2148e-08
   4.3900e+02   4.4279e-06   7.1915e-08
   4.4000e+02   4.4214e-06   7.1682e-08
   4.4100e+02   4.4150e-06   7.1451e-08
   4.4200e+02   4.4086e-06   7.1220e-08
   4.4300e+02   4.4022e-06   7.0989e-08
   4.4400e+02   4.3958e-06   7.0759e-08
   4.4500e+02   4.3894e-06   7.0530e-08
   4.4600e+02   4.3831e-06   7.0302e-08
   4.4700e+02   4.3767e-06   7.0074e-08
   4.4800e+02   4.3704e-06   6.9847e-08
   4.4900e+02   4.3641e-06   6.9621e-08
   4.5000e+02   4.3578e-06   6.9396e-08
   4.5100e+02   4.3516e-06   6.9172e-08
   4.5200e+02   4.3454e-06   6.8948e-08
   4.5300e+02   4.3392e-06   6.8726e-08
   4.5400e+02   4.3330e-06   6.8504e-08
   4.5500e+02   4.3269e-06   6.8284e-08
   4.5600e+02   4.3208e-06   6.8064e-08
   4.5700e+02   4.3147e-06   6.7846e-08
   4.5800e+02   4.3087e-06   6.7628e-08
   4.5900e+02   4.3027e-06   6.7412e-08
   4.6000e+02   4.2967e-06   6.7197e-08
   4.6100e+02   4.2908e-06   6.6983e-08
   4.6200e+02   4.2849e-06   6.6770e-08
   4.6300e+02   4.2791e-06   6.6559e-08
   4.6400e+02   4.2734e-06   6.6349e-08
   4.6500e+02   4.2676e-06   6.6140e-08
   4.6600e+02   4.2619e-06   6.5932e-08
   4.6700e+02   4.2563e-06   6.5725e-08
   4.6800e+02   4.2507e-06   6.5520e-08
   4.6900e+02   4.2452e-06   6.5316e-08
   4.7000e+02   4.2396e-06   6.5113e-08
   4.7100e+02   4.2342e-06   6.4911e-08
   4.7200e+02   4.2288e-06   6.4711e-08
   4.7300e+02   4.2234e-06   6.4512e-08
   4.7400e+02   4.2181e-06   6.4314e-08
   4.7500e+02   4.2128e-06   6.4117e-08
   4.7600e+02   4.2076e-06   6.3922e-08
   4.7700e+02   4.2024e-06   6.3728e-08
   4.7800e+02   4.1972e-06   6.3535e-08
   4.7900e+02   4.1921e-06   6.3343e-08
   4.8000e+02   4.1870e-06   6.3153e-08
   4.8100e+02   4.1820e-06   6.2964e-08
   4.8200e+02   4.1771e-06   6.2776e-08
   4.8300e+02   4.1721e-06   6.2589e-08
   4.8400e+02   4.1672e-06   6.2404e-08
   4.8500e+02   4.1624e-06   6.2220e-08
   4.8600e+02   4.1576e-06   6.2037e-08
   4.8700e+02   4.1528e-06   6.1856e-08
   4.8800e+02   4.1481e-06   6.1676e-08
   4.8900e+02   4.1435e-06   6.1497e-08
   4.9000e+02   4.1388e-06   6.1319e-08
   4.9100e+02   4.1343e-06   6.1143e-08
   4.9200e+02   4.1297e-06   6.0968e-08
   4.9300e+02   4.1252e-06   6.0794e-08
   4.9400e+02   4.1208e-06   6.0621e-08
   4.9500e+02   4.1164e-06   6.0450e-08
   4.9600e+02   4.1120e-06   6.0280e-08
   4.9700e+02   4.1077e-06   6.0111e-08
   4.9800e+02   4.1034e-06   5.9944e-08
   4.9900e+02   4.0992e-06   5.9778e-08
   5.0000e+02   4.0950e-06   5.9613e-08
   5.0100e+02   4.0908e-06   5.9450e-08
   5.0200e+02   4.0867e-06   5.9287e-08
   5.0300e+02   4.0827e-06   5.9126e-08
   5.0400e+02   4.0786e-06   5.8967e-08
   5.0500e+02   4.0747e-06   5.8808e-08
   5.0600e+02   4.0707e-06   5.8651e-08
   5.0700e+02   4.0668e-06   5.8494e-08
   5.0800e+02   4.0629e-06   5.8339e-08
   5.0900e+02   4.0590e-06   5.8185e-08
   5.1000e+02   4.0552e-06   5.8032e-08
   5.1100e+02   4.0515e-06   5.7880e-08
   5.1200e+02   4.0477e-06   5.7730e-08
   5.1300e+02   4.0440e-06   5.7580e-08
   5.1400e+02   4.0403e-06   5.7431e-08
   5.1500e+02   4.0366e-06   5.7284e-08
   5.1600e+02   4.0330e-06   5.7137e-08
   5.1700e+02   4.0294e-06   5.6991e-08
   5.1800e+02   4.0258e-06   5.6847e-08
   5.1900e+02   4.0223e-06   5.6703e-08
   5.2000e+02   4.0187e-06   5.6560e-08
   5.2100e+02   4.0152e-06   5.6418e-08
   5.2200e+02   4.0118e-06   5.6277e-08
   5.2300e+02   4.0083e-06   5.6137e-08
   5.2400e+02   4.0049e-06   5.5998e-08
   5.2500e+02   4.0015e-06   5.5859e-08
   5.2600e+02   3.9981e-06   5.5722e-08
   5.2700e+02   3.9947e-06   5.5585e-08
   5.2800e+02   3.9913e-06   5.5449e-08
   5.2900e+02   3.9880e-06   5.5313e-08
   5.3000e+02   3.9846e-06   5.5179e-08
   5.3100e+02   3.9813e-06   5.5045e-08
   5.3200e+02   3.9780e-06   5.4912e-08
   5.3300e+02   3.9747e-06   5.4779e-08
   5.3400e+02   3.9715e-06   5.4648e-08
   5.3500e+02   3.9682e-06   5.4516e-08
   5.3600e+02   3.9649e-06   5.4386e-08
   5.3700e+02   3.9617e-06   5.4256e-08
   5.3800e+02   3.9585e-06   5.4127e-08
   5.3900e+02   3.9552e-06   5.3998e-08
   5.4000e+02   3.9520e-06   5.3870e-08
   5.4100e+02   3.9488e-06   5.3742e-08
   5.4200e+02   3.9456e-06   5.3615e-08
   5.4300e+02   3.9424e-06   5.3489e-08
   5.4400e+02   3.9392e-06   5.3363e-08
   5.4500e+02   3.9360e-06   5.3237e-08
   5.4600e+02   3.9328e-06   5.3113e-08
   5.4700e+02   3.9297e-06   5.2988e-08
   5.4800e+02   3.9265e-06   5.2865e-08
   5.4900e+02   3.9233e-06   5.2741e-08
   5.5000e+02   3.9202e-06   5.2619e-08
   5.5100e+02   3.9171e-06   5.2496e-08
   5.5200e+02   3.9139e-06   5.2375e-08
   5.5300e+02   3.9108e-06   5.2254e-08
   5.5400e+02   3.9077e-06   5.2133e-08
   5.5500e+02   3.9046e-06   5.2013e-08
   5.5600e+02   3.9015e-06   5.1893e-08
   5.5700e+02   3.8984e-06   5.1774e-08
   5.5800e+02   3.8953e-06   5.1655e-08
   5.5900e+02   3.8922e-06   5.1537e-08
   5.6000e+02   3.8892e-06   5.1419e-08
   5.6100e+02   3.8861e-06   5.1302e-08
   5.6200e+02   3.8831e-06   5.1186e-08
   5.6300e+02   3.8800e-06   5.1069e-08
   5.6400e+02   3.8770e-06   5.0953e-08
   5.6500e+02   3.8740e-06   5.0838e-08
   5.6600e+02   3.8710e-06   5.0723e-08
   5.6700e+02   3.8680e-06   5.0609e-08
   5.6800e+02   3.8650e-06   5.0495e-08
   5.6900e+02   3.8620e-06   5.0381e-08
   5.7000e+02   3.8590e-06   5.0268e-08
   5.7100e+02   3.8560e-06   5.0156e-08
   5.7200e+02   3.8531e-06   5.0043e-08
   5.7300e+02   3.8501e-06   4.9931e-08
   5.7400e+02   3.8472e-06   4.9820e-08
   5.7500e+02   3.8443e-06   4.9709e-08
   5.7600e+02   3.8413e-06   4.9599e-08
   5.7700e+02   3.8384e-06   4.9488e-08
   5.7800e+02   3.8355e-06   4.9379e-08
   5.7900e+02   3.8326e-06   4.9269e-08
   5.8000e+02   3.8297e-06   4.9160e-08
   5.8100e+02   3.8269e-06   4.9052e-08
   5.8200e+02   3.8240e-06   4.8944e-08
   5.8300e+02   3.8212e-06   4.8836e-08
   5.8400e+02   3.8183e-06   4.8728e-08
   5.8500e+02   3.8155e-06   4.8621e-08
   5.8600e+02   3.8126e-06   4.8515e-08
   5.8700e+02   3.8098e-06   4.8409e-08
   5.8800e+02   3.8070e-06   4.8303e-08
   5.8900e+02   3.8042e-06   4.8197e-08
   5.9000e+02   3.8014e-06   4.8092e-08
   5.9100e+02   3.7987e-06   4.7988e-08
   5.9200e+02   3.7959e-06   4.7883e-08
   5.9300e+02   3.7932e-06   4.7780e-08
   5.9400e+02   3.7904e-06   4.7676e-08
   5.9500e+02   3.7877e-06   4.7573e-08
   5.9600e+02   3.7850e-06   4.7471e-08
   5.9700e+02   3.7823e-06   4.7368e-08
   5.9800e+02   3.7796e-06   4.7266e-08
   5.9900e+02   3.7769e-06   4.7165e-08
   6.0000e+02   3.7742e-06   4.7064e-08
   6.0100e+02   3.7715e-06   4.6963e-08
   6.0200e+02   3.7689e-06   4.6863e-08
   6.0300e+02   3.7663e-06   4.6763e-08
   6.0400e+02   3.7636e-06   4.6664e-08
   6.0500e+02   3.7610e-06   4.6565e-08
   6.0600e+02   3.7584e-06   4.6466e-08
   6.0700e+02   3.7558e-06   4.6368e-08
   6.0800e+02   3.7533e-06   4.6270e-08
   6.0900e+02   3.7507e-06   4.6173e-08
   6.1000e+02   3.7481e-06   4.6076e-08
   6.1100e+02   3.7456e-06   4.5980e-08
   6.1200e+02   3.7431e-06   4.5884e-08
   6.1300e+02   3.7406e-06   4.5788e-08
   6.1400e+02   3.7381e-06   4.5693e-08
   6.1500e+02   3.7356e-06   4.5598e-08
   6.1600e+02   3.7331e-06   4.5503e-08
   6.1700e+02   3.7306e-06   4.5409e-08
   6.1800e+02   3.7282e-06   4.5316e-08
   6.1900e+02   3.7258e-06   4.5223e-08
   6.2000e+02   3.7233e-06   4.5130e-08
   6.2100e+02   3.7209e-06   4.5038e-08
   6.2200e+02   3.7185e-06   4.4946e-08
   6.2300e+02   3.7162e-06   4.4854e-08
   6.2400e+02   3.7138e-06   4.4763e-08
   6.2500e+02   3.7115e-06   4.4673e-08
   6.2600e+02   3.7091e-06   4.4583e-08
   6.2700e+02   3.7068e-06   4.4493e-08
   6.2800e+02   3.7045e-06   4.4404e-08
   6.2900e+02   3.7022e-06   4.4315e-08
   6.3000e+02   3.6999e-06   4.4226e-08
   6.3100e+02   3.6977e-06   4.4138e-08
   6.3200e+02   3.6954e-06   4.4051e-08
   6.3300e+02   3.6932e-06   4.3964e-08
   6.3400e+02   3.6910e-06   4.3877e-08
   6.3500e+02   3.6888e-06   4.3791e-08
   6.3600e+02   3.6866e-06   4.3705e-08
   6.3700e+02   3.6844e-06   4.3619e-08
   6.3800e+02   3.6822e-06   4.3534e-08
   6.3900e+02   3.6801e-06   4.3449e-08
   6.4000e+02   3.6779e-06   4.3365e-08
   6.4100e+02   3.6758e-06   4.3281e-08
   6.4200e+02   3.6737e-06   4.3198e-08
   6.4300e+02   3.6716e-06   4.3115e-08
   6.4400e+02   3.6695e-06   4.3032e-08
   6.4500e+02   3.6674e-06   4.2949e-08
   6.4600e+02   3.6653e-06   4.2867e-08
   6.4700e+02   3.6633e-06   4.2786e-08
   6.4800e+02   3.6612e-06   4.2705e-08
   6.4900e+02   3.6592e-06   4.2624e-08
   6.5000e+02   3.6571e-06   4.2543e-08
   6.5100e+02   3.6551e-06   4.2463e-08
   6.5200e+02   3.6531e-06   4.2383e-08
   6.5300e+02   3.6511e-06   4.2304e-08
   6.5400e+02   3.6492e-06   4.2225e-08
   6.5500e+02   3.6472e-06   4.2146e-08
   6.5600e+02   3.6452e-06   4.2068e-08
   6.5700e+02   3.6433e-06   4.1990e-08
   6.5800e+02   3.6413e-06   4.1912e-08
   6.5900e+02   3.6394e-06   4.1835e-08
   6.6000e+02   3.6375e-06   4.1758e-08
   6.6100e+02   3.6355e-06   4.1681e-08
   6.6200e+02   3.6336e-06   4.1605e-08
   6.6300e+02   3.6317e-06   4.1529e-08
   6.6400e+02   3.6298e-06   4.1453e-08
   6.6500e+02   3.6279e-06   4.1378e-08
   6.6600e+02   3.6261e-06   4.1303e-08
   6.6700e+02   3.6242e-06   4.1228e-08
   6.6800e+02   3.6223e-06   4.1154e-08
   6.6900e+02   3.6205e-06   4.1080e-08
   6.7000e+02   3.6186e-06   4.1006e-08
   6.7100e+02   3.6168e-06   4.0933e-08
   6.7200e+02   3.6150e-06   4.0860e-08
   6.7300e+02   3.6132e-06   4.0787e-08
   6.7400e+02   3.6113e-06   4.0714e-08
   6.7500e+02   3.6095e-06   4.0642e-08
   6.7600e+02   3.6077e-06   4.0570e-08
   6.7700e+02   3.6059e-06   4.0498e-08
   6.7800e+02   3.6041e-06   4.0427e-08
   6.7900e+02   3.6023e-06   4.0355e-08
   6.8000e+02   3.6006e-06   4.0284e-08
   6.8100e+02   3.5988e-06   4.0214e-08
   6.8200e+02   3.5970e-06   4.0144e-08
   6.8300e+02   3.5952e-06   4.0073e-08
   6.8400e+02   3.5935e-06   4.0004e-08
   6.8500e+02   3.5917e-06   3.9934e-08
   6.8600e+02   3.5900e-06   3.9865e-08
   6.8700e+02   3.5882e-06   3.9796e-08
   6.8800e+02   3.5865e-06   3.9727e-08
   6.8900e+02   3.5848e-06   3.9659e-08
   6.9000e+02   3.5831e-06   3.9590e-08
   6.9100e+02   3.5813e-06   3.9523e-08
   6.9200e+02   3.5796e-06   3.9455e-08
   6.9300e+02   3.5779e-06   3.9387e-08
   6.9400e+02   3.5762e-06   3.9320e-08
   6.9500e+02   3.5745e-06   3.9253e-08
   6.9600e+02   3.5728e-06   3.9187e-08
   6.9700e+02   3.5711e-06   3.9120e-08
   6.9800e+02   3.5695e-06   3.9054e-08
   6.9900e+02   3.5678e-06   3.8988e-08
   7.0000e+02   3.5661e-06   3.8923e-08
   7.0100e+02   3.5645e-06   3.8857e-08
   7.0200e+02   3.5628e-06   3.8792e-08
   7.0300e+02   3.5612e-06   3.8727e-08
   7.0400e+02   3.5595e-06   3.8662e-08
   7.0500e+02   3.5579e-06   3.8598e-08
   7.0600e+02   3.5563e-06   3.8534e-08
   7.0700e+02   3.5546e-06   3.8470e-08
   7.0800e+02   3.5530e-06   3.8406e-08
   7.0900e+02   3.5514e-06   3.8343e-08
   7.1000e+02   3.5498e-06   3.8279e-08
   7.1100e+02   3.5482e-06   3.8216e-08
   7.1200e+02   3.5466e-06   3.8154e-08
   7.1300e+02   3.5450e-06   3.8091e-08
   7.1400e+02   3.5434e-06   3.8029e-08
   7.1500e+02   3.5418e-06   3.7967e-08
   7.1600e+02   3.5402e-06   3.7905e-08
   7.1700e+02   3.5387e-06   3.7843e-08
   7.1800e+02   3.5371e-06   3.7782e-08
   7.1900e+02   3.5356e-06   3.7720e-08
   7.2000e+02   3.5340e-06   3.7659e-08
   7.2100e+02   3.5325e-06   3.7599e-08
   7.2200e+02   3.5309e-06   3.7538e-08
   7.2300e+02   3.5294e-06   3.7478e-08
   7.2400e+02   3.5279e-06   3.7417e-08
   7.2500e+02   3.5263e-06   3.7358e-08
   7.2600e+02   3.5248e-06   3.7298e-08
   7.2700e+02   3.5233e-06   3.7238e-08
   7.2800e+02   3.5218e-06   3.7179e-08
   7.2900e+02   3.5203e-06   3.7120e-08
   7.3000e+02   3.5188e-06   3.7061e-08
   7.3100e+02   3.5173e-06   3.7002e-08
   7.3200e+02   3.5158e-06   3.6944e-08
   7.3300e+02   3.5143e-06   3.6886e-08
   7.3400e+02   3.5129e-06   3.6827e-08
   7.3500e+02   3.5114e-06   3.6770e-08
   7.3600e+02   3.5099e-06   3.6712e-08
   7.3700e+02   3.5085e-06   3.6654e-08
   7.3800e+02   3.5070e-06   3.6597e-08
   7.3900e+02   3.5056e-06   3.6540e-08
   7.4000e+02   3.5041e-06   3.6483e-08
   7.4100e+02   3.5027e-06   3.6426e-08
   7.4200e+02   3.5013e-06   3.6370e-08
   7.4300e+02   3.4999e-06   3.6314e-08
   7.4400e+02   3.4984e-06   3.6257e-08
   7.4500e+02   3.4970e-06   3.6202e-08
   7.4600e+02   3.4956e-06   3.6146e-08
   7.4700e+02   3.4942e-06   3.6090e-08
   7.4800e+02   3.4928e-06   3.6035e-08
   7.4900e+02   3.4914e-06   3.5980e-08
   7.5000e+02   3.4901e-06   3.5925e-08
   7.5100e+02   3.4887e-06   3.5870e-08
   7.5200e+02   3.4873e-06   3.5816e-08
   7.5300e+02   3.4859e-06   3.5761e-08
   7.5400e+02   3.4846e-06   3.5707e-08
   7.5500e+02   3.4832e-06   3.5653e-08
   7.5600e+02   3.4819e-06   3.5599e-08
   7.5700e+02   3.4805e-06   3.5546e-08
   7.5800e+02   3.4792e-06   3.5492e-08
   7.5900e+02   3.4778e-06   3.5439e-08
   7.6000e+02   3.4765e-06   3.5386e-08
   7.6100e+02   3.4752e-06   3.5333e-08
   7.6200e+02   3.4739e-06   3.5280e-08
   7.6300e+02   3.4725e-06   3.5228e-08
   7.6400e+02   3.4712e-06   3.5175e-08
   7.6500e+02   3.4699e-06   3.5123e-08
   7.6600e+02   3.4686e-06   3.5071e-08
   7.6700e+02   3.4673e-06   3.5020e-08
   7.6800e+02   3.4660e-06   3.4968e-08
   7.6900e+02   3.4648e-06   3.4917e-08
   7.7000e+02   3.4635e-06   3.4865e-08
   7.7100e+02   3.4622e-06   3.4814e-08
   7.7200e+02   3.4609e-06   3.4763e-08
   7.7300e+02   3.4597e-06   3.4713e-08
   7.7400e+02   3.4584e-06   3.4662e-08
   7.7500e+02   3.4571e-06   3.4612e-08
   7.7600e+02   3.4559e-06   3.4562e-08
   7.7700e+02   3.4547e-06   3.4512e-08
   7.7800e+02   3.4534e-06   3.4462e-08
   7.7900e+02   3.4522e-06   3.4412e-08
   7.8000e+02   3.4510e-06   3.4363e-08
   7.8100e+02   3.4497e-06   3.4314e-08
   7.8200e+02   3.4485e-06   3.4265e-08
   7.8300e+02   3.4473e-06   3.4216e-08
   7.8400e+02   3.4461e-06   3.4167e-08
   7.8500e+02   3.4449e-06   3.4118e-08
   7.8600e+02   3.4437e-06   3.4070e-08
   7.8700e+02   3.4425e-06   3.4022e-08
   7.8800e+02   3.4413e-06   3.3974e-08
   7.8900e+02   3.4401e-06   3.3926e-08
   7.9000e+02   3.4389e-06   3.3878e-08
   7.9100e+02   3.4378e-06   3.3831e-08
   7.9200e+02   3.4366e-06   3.3783e-08
   7.9300e+02   3.4354e-06   3.3736e-08
   7.9400e+02   3.4343e-06   3.3689e-08
   7.9500e+02   3.4331e-06   3.3642e-08
   7.9600e+02   3.4320e-06   3.3596e-08
   7.9700e+02   3.4308e-06   3.3549e-08
   7.9800e+02   3.4297e-06   3.3503e-08
   7.9900e+02   3.4285e-06   3.3457e-08
   8.0000e+02   3.4274e-06   3.3411e-08
   8.0100e+02   3.4263e-06   3.3365e-08
   8.0200e+02   3.4252e-06   3.3319e-08
   8.0300e+02   3.4240e-06   3.3273e-08
   8.0400e+02   3.4229e-06   3.3228e-08
   8.0500e+02   3.4218e-06   3.3183e-08
   8.0600e+02   3.4207e-06   3.3138e-08
   8.0700e+02   3.4196e-06   3.3093e-08
   8.0800e+02   3.4185e-06   3.3048e-08
   8.0900e+02   3.4174e-06   3.3003e-08
   8.1000e+02   3.4163e-06   3.2959e-08
   8.1100e+02   3.4152e-06   3.2915e-08
   8.1200e+02   3.4142e-06   3.2871e-08
   8.1300e+02   3.4131e-06   3.2827e-08
   8.1400e+02   3.4120e-06   3.2783e-08
   8.1500e+02   3.4109e-06   3.2739e-08
   8.1600e+02   3.4099e-06   3.2695e-08
   8.1700e+02   3.4088e-06   3.2652e-08
   8.1800e+02   3.4078e-06   3.2609e-08
   8.1900e+02   3.4067e-06   3.2566e-08
   8.2000e+02   3.4057e-06   3.2523e-08
   8.2100e+02   3.4046e-06   3.2480e-08
   8.2200e+02   3.4036e-06   3.2437e-08
   8.2300e+02   3.4025e-06   3.2395e-08
   8.2400e+02   3.4015e-06   3.2352e-08
   8.2500e+02   3.4005e-06   3.2310e-08
   8.2600e+02   3.3995e-06   3.2268e-08
   8.2700e+02   3.3984e-06   3.2226e-08
   8.2800e+02   3.3974e-06   3.2184e-08
   8.2900e+02   3.3964e-06   3.2142e-08
   8.3000e+02   3.3954e-06   3.2101e-08
   8.3100e+02   3.3944e-06   3.2059e-08
   8.3200e+02   3.3934e-06   3.2018e-08
   8.3300e+02   3.3924e-06   3.1977e-08
   8.3400e+02   3.3914e-06   3.1936e-08
   8.3500e+02   3.3904e-06   3.1895e-08
   8.3600e+02   3.3894e-06   3.1854e-08
   8.3700e+02   3.3884e-06   3.1813e-08
   8.3800e+02   3.3874e-06   3.1773e-08
   8.3900e+02   3.3864e-06   3.1732e-08
   8.4000e+02   3.3854e-06   3.1692e-08
   8.4100e+02   3.3845e-06   3.1652e-08
   8.4200e+02   3.3835e-06   3.1612e-08
   8.4300e+02   3.3825e-06   3.1572e-08
   8.4400e+02   3.3816e-06   3.1532e-08
   8.4500e+02   3.3806e-06   3.1492e-08
   8.4600e+02   3.3796e-06   3.1453e-08
   8.4700e+02   3.3787e-06   3.1413e-08
   8.4800e+02   3.3777e-06   3.1374e-08
   8.4900e+02   3.3768e-06   3.1335e-08
   8.5000e+02   3.3758e-06   3.1295e-08
   8.5100e+02   3.3749e-06   3.1256e-08
   8.5200e+02   3.3739e-06   3.1218e-08
   8.5300e+02   3.3730e-06   3.1179e-08
   8.5400e+02   3.3721e-06   3.1140e-08
   8.5500e+02   3.3711e-06   3.1102e-08
   8.5600e+02   3.3702e-06   3.1063e-08
   8.5700e+02   3.3693e-06   3.1025e-08
   8.5800e+02   3.3683e-06   3.0987e-08
   8.5900e+02   3.3674e-06   3.0949e-08
   8.6000e+02   3.3665e-06   3.0911e-08
   8.6100e+02   3.3656e-06   3.0873e-08
   8.6200e+02   3.3646e-06   3.0835e-08
   8.6300e+02   3.3637e-06   3.0797e-08
   8.6400e+02   3.3628e-06   3.0760e-08
   8.6500e+02   3.3619e-06   3.0722e-08
   8.6600e+02   3.3610e-06   3.0685e-08
   8.6700e+02   3.3601e-06   3.0648e-08
   8.6800e+02   3.3592e-06   3.0610e-08
   8.6900e+02   3.3583e-06   3.0573e-08
   8.7000e+02   3.3574e-06   3.0537e-08
   8.7100e+02   3.3565e-06   3.0500e-08
   8.7200e+02   3.3556e-06   3.0463e-08
   8.7300e+02   3.3547e-06   3.0426e-08
   8.7400e+02   3.3538e-06   3.0390e-08
   8.7500e+02   3.3529e-06   3.0354e-08
   8.7600e+02   3.3521e-06   3.0317e-08
   8.7700e+02   3.3512e-06   3.0281e-08
   8.7800e+02   3.3503e-06   3.0245e-08
   8.7900e+02   3.3494e-06   3.0209e-08
   8.8000e+02   3.3486e-06   3.0173e-08
   8.8100e+02   3.3477e-06   3.0137e-08
   8.8200e+02   3.3468e-06   3.0102e-08
   8.8300e+02   3.3460e-06   3.0066e-08
   8.8400e+02   3.3451e-06   3.0031e-08
   8.8500e+02   3.3443e-06   2.9995e-08
   8.8600e+02   3.3434e-06   2.9960e-08
   8.8700e+02   3.3426e-06   2.9925e-08
   8.8800e+02   3.3417e-06   2.9890e-08
   8.8900e+02   3.3409e-06   2.9855e-08
   8.9000e+02   3.3400e-06   2.9820e-08
   8.9100e+02   3.3392e-06   2.9785e-08
   8.9200e+02   3.3383e-06   2.9751e-08
   8.9300e+02   3.3375e-06   2.9716e-08
   8.9400e+02   3.3367e-06   2.9682e-08
   8.9500e+02   3.3358e-06   2.9647e-08
   8.9600e+02   3.3350e-06   2.9613e-08
   8.9700e+02   3.3342e-06   2.9579e-08
   8.9800e+02   3.3334e-06   2.9545e-08
   8.9900e+02   3.3325e-06   2.9511e-08
   9.0000e+02   3.3317e-06   2.9477e-08
   9.0100e+02   3.3309e-06   2.9443e-08
   9.0200e+02   3.3301e-06   2.9409e-08
   9.0300e+02   3.3293e-06   2.9376e-08
   9.0400e+02   3.3285e-06   2.9342e-08
   9.0500e+02   3.3277e-06   2.9309e-08
   9.0600e+02   3.3269e-06   2.9276e-08
   9.0700e+02   3.3261e-06   2.9242e-08
   9.0800e+02   3.3253e-06   2.9209e-08
   9.0900e+02   3.3245e-06   2.9176e-08
   9.1000e+02   3.3237e-06   2.9143e-08
   9.1100e+02   3.3229e-06   2.9111e-08
   9.1200e+02   3.3221e-06   2.9078e-08
   9.1300e+02   3.3214e-06   2.9045e-08
   9.1400e+02   3.3206e-06   2.9013e-08
   9.1500e+02   3.3198e-06   2.8980e-08
   9.1600e+02   3.3190e-06   2.8948e-08
   9.1700e+02   3.3182e-06   2.8915e-08
   9.1800e+02   3.3175e-06   2.8883e-08
   9.1900e+02   3.3167e-06   2.8851e-08
   9.2000e+02   3.3159e-06   2.8819e-08
   9.2100e+02   3.3152e-06   2.8787e-08
   9.2200e+02   3.3144e-06   2.8755e-08
   9.2300e+02   3.3137e-06   2.8724e-08
   9.2400e+02   3.3129e-06   2.8692e-08
   9.2500e+02   3.3122e-06   2.8660e-08
   9.2600e+02   3.3114e-06   2.8629e-08
   9.2700e+02   3.3107e-06   2.8598e-08
   9.2800e+02   3.3099e-06   2.8566e-08
   9.2900e+02   3.3092e-06   2.8535e-08
   9.3000e+02   3.3085e-06   2.8504e-08
   9.3100e+02   3.3077e-06   2.8473e-08
   9.3200e+02   3.3070e-06   2.8442e-08
   9.3300e+02   3.3063e-06   2.8411e-08
   9.3400e+02   3.3055e-06   2.8380e-08
   9.3500e+02   3.3048e-06   2.8350e-08
   9.3600e+02   3.3041e-06   2.8319e-08
   9.3700e+02   3.3034e-06   2.8288e-08
   9.3800e+02   3.3026e-06   2.8258e-08
   9.3900e+02   3.3019e-06   2.8228e-08
   9.4000e+02   3.3012e-06   2.8197e-08
   9.4100e+02   3.3005e-06   2.8167e-08
   9.4200e+02   3.2998e-06   2.8137e-08
   9.4300e+02   3.2991e-06   2.8107e-08
   9.4400e+02   3.2984e-06   2.8077e-08
   9.4500e+02   3.2977e-06   2.8047e-08
   9.4600e+02   3.2970e-06   2.8018e-08
   9.4700e+02   3.2963e-06   2.7988e-08
   9.4800e+02   3.2956e-06   2.7958e-08
   9.4900e+02   3.2949e-06   2.7929e-08
   9.5000e+02   3.2942e-06   2.7900e-08
   9.5100e+02   3.2936e-06   2.7870e-08
   9.5200e+02   3.2929e-06   2.7841e-08
   9.5300e+02   3.2922e-06   2.7812e-08
   9.5400e+02   3.2915e-06   2.7783e-08
   9.5500e+02   3.2908e-06   2.7754e-08
   9.5600e+02   3.2902e-06   2.7725e-08
   9.5700e+02   3.2895e-06   2.7696e-08
   9.5800e+02   3.2888e-06   2.7667e-08
   9.5900e+02   3.2882e-06   2.7639e-08
   9.6000e+02   3.2875e-06   2.7610e-08
   9.6100e+02   3.2868e-06   2.7582e-08
   9.6200e+02   3.2862e-06   2.7553e-08
   9.6300e+02   3.2855e-06   2.7525e-08
   9.6400e+02   3.2849e-06   2.7497e-08
   9.6500e+02   3.2842e-06   2.7469e-08
   9.6600e+02   3.2836e-06   2.7441e-08
   9.6700e+02   3.2829e-06   2.7413e-08
   9.6800e+02   3.2823e-06   2.7385e-08
   9.6900e+02   3.2816e-06   2.7357e-08
   9.7000e+02   3.2810e-06   2.7329e-08
   9.7100e+02   3.2804e-06   2.7302e-08
   9.7200e+02   3.2797e-06   2.7274e-08
   9.7300e+02   3.2791e-06   2.7247e-08
   9.7400e+02   3.2785e-06   2.7219e-08
   9.7500e+02   3.2779e-06   2.7192e-08
   9.7600e+02   3.2772e-06   2.7165e-08
   9.7700e+02   3.2766e-06   2.7137e-08
   9.7800e+02   3.2760e-06   2.7110e-08
   9.7900e+02   3.2754e-06   2.7083e-08
   9.8000e+02   3.2748e-06   2.7056e-08
   9.8100e+02   3.2741e-06   2.7030e-08
   9.8200e+02   3.2735e-06   2.7003e-08
   9.8300e+02   3.2729e-06   2.6976e-08
   9.8400e+02   3.2723e-06   2.6950e-08
   9.8500e+02   3.2717e-06   2.6923e-08
   9.8600e+02   3.2711e-06   2.6897e-08
   9.8700e+02   3.2705e-06   2.6870e-08
   9.8800e+02   3.2699e-06   2.6844e-08
   9.8900e+02   3.2693e-06   2.6818e-08
   9.9000e+02   3.2687e-06   2.6792e-08
   9.9100e+02   3.2681e-06   2.6766e-08
   9.9200e+02   3.2676e-06   2.6740e-08
   9.9300e+02   3.2670e-06   2.6714e-08
   9.9400e+02   3.2664e-06   2.6688e-08
   9.9500e+02   3.2658e-06   2.6662e-08
   9.9600e+02   3.2652e-06   2.6637e-08
   9.9700e+02   3.2646e-06   2.6611e-08
   9.9800e+02   3.2641e-06   2.6586e-08
   9.9900e+02   3.2635e-06   2.6560e-08
   1.0000e+03   3.2629e-06   2.6535e-08
   1.0010e+03   3.2624e-06   2.6510e-08
   1.0020e+03   3.2618e-06   2.6484e-08
   1.0030e+03   3.2612e-06   2.6459e-08
   1.0040e+03   3.2607e-06   2.6434e-08
   1.0050e+03   3.2601e-06   2.6409e-08
   1.0060e+03   3.2596e-06   2.6384e-08
   1.0070e+03   3.2590e-06   2.6360e-08
   1.0080e+03   3.2585e-06   2.6335e-08
   1.0090e+03   3.2579e-06   2.6310e-08
   1.0100e+03   3.2574e-06   2.6286e-08
   1.0110e+03   3.2568e-06   2.6261e-08
   1.0120e+03   3.2563e-06   2.6237e-08
   1.0130e+03   3.2557e-06   2.6212e-08
   1.0140e+03   3.2552e-06   2.6188e-08
   1.0150e+03   3.2547e-06   2.6164e-08
   1.0160e+03   3.2541e-06   2.6140e-08
   1.0170e+03   3.2536e-06   2.6116e-08
   1.0180e+03   3.2531e-06   2.6092e-08
   1.0190e+03   3.2525e-06   2.6068e-08
   1.0200e+03   3.2520e-06   2.6044e-08
   1.0210e+03   3.2515e-06   2.6020e-08
   1.0220e+03   3.2510e-06   2.5996e-08
   1.0230e+03   3.2504e-06   2.5973e-08
   1.0240e+03   3.2499e-06   2.5949e-08
   1.0250e+03   3.2494e-06   2.5926e-08
   1.0260e+03   3.2489e-06   2.5902e-08
   1.0270e+03   3.2484e-06   2.5879e-08
   1.0280e+03   3.2479e-06   2.5856e-08
   1.0290e+03   3.2474e-06   2.5832e-08
   1.0300e+03   3.2469e-06   2.5809e-08
   1.0310e+03   3.2463e-06   2.5786e-08
   1.0320e+03   3.2458e-06   2.5763e-08
   1.0330e+03   3.2453e-06   2.5740e-08
   1.0340e+03   3.2449e-06   2.5717e-08
   1.0350e+03   3.2444e-06   2.5695e-08
   1.0360e+03   3.2439e-06   2.5672e-08
   1.0370e+03   3.2434e-06   2.5649e-08
   1.0380e+03   3.2429e-06   2.5627e-08
   1.0390e+03   3.2424e-06   2.5604e-08
   1.0400e+03   3.2419e-06   2.5582e-08
   1.0410e+03   3.2414e-06   2.5559e-08
   1.0420e+03   3.2410e-06   2.5537e-08
   1.0430e+03   3.2405e-06   2.5515e-08
   1.0440e+03   3.2400e-06   2.5493e-08
   1.0450e+03   3.2395e-06   2.5471e-08
   1.0460e+03   3.2391e-06   2.5449e-08
   1.0470e+03   3.2386e-06   2.5427e-08
   1.0480e+03   3.2381e-06   2.5405e-08
   1.0490e+03   3.2376e-06   2.5383e-08
   1.0500e+03   3.2372e-06   2.5361e-08
   1.0510e+03   3.2367e-06   2.5339e-08
   1.0520e+03   3.2363e-06   2.5318e-08
   1.0530e+03   3.2358e-06   2.5296e-08
   1.0540e+03   3.2354e-06   2.5275e-08
   1.0550e+03   3.2349e-06   2.5253e-08
   1.0560e+03   3.2344e-06   2.5232e-08
   1.0570e+03   3.2340e-06   2.5211e-08
   1.0580e+03   3.2335e-06   2.5189e-08
   1.0590e+03   3.2331e-06   2.5168e-08
   1.0600e+03   3.2327e-06   2.5147e-08
   1.0610e+03   3.2322e-06   2.5126e-08
   1.0620e+03   3.2318e-06   2.5105e-08
   1.0630e+03   3.2313e-06   2.5084e-08
   1.0640e+03   3.2309e-06   2.5063e-08
   1.0650e+03   3.2305e-06   2.5042e-08
   1.0660e+03   3.2300e-06   2.5022e-08
   1.0670e+03   3.2296e-06   2.5001e-08
   1.0680e+03   3.2292e-06   2.4980e-08
   1.0690e+03   3.2288e-06   2.4960e-08
   1.0700e+03   3.2283e-06   2.4939e-08
   1.0710e+03   3.2279e-06   2.4919e-08
   1.0720e+03   3.2275e-06   2.4898e-08
   1.0730e+03   3.2271e-06   2.4878e-08
   1.0740e+03   3.2267e-06   2.4858e-08
   1.0750e+03   3.2262e-06   2.4838e-08
   1.0760e+03   3.2258e-06   2.4818e-08
   1.0770e+03   3.2254e-06   2.4797e-08
   1.0780e+03   3.2250e-06   2.4777e-08
   1.0790e+03   3.2246e-06   2.4757e-08
   1.0800e+03   3.2242e-06   2.4738e-08
   1.0810e+03   3.2238e-06   2.4718e-08
   1.0820e+03   3.2234e-06   2.4698e-08
   1.0830e+03   3.2230e-06   2.4678e-08
   1.0840e+03   3.2226e-06   2.4659e-08
   1.0850e+03   3.2222e-06   2.4639e-08
   1.0860e+03   3.2218e-06   2.4619e-08
   1.0870e+03   3.2214e-06   2.4600e-08
   1.0880e+03   3.2210e-06   2.4581e-08
   1.0890e+03   3.2206e-06   2.4561e-08
   1.0900e+03   3.2203e-06   2.4542e-08
   1.0910e+03   3.2199e-06   2.4523e-08
   1.0920e+03   3.2195e-06   2.4503e-08
   1.0930e+03   3.2191e-06   2.4484e-08
   1.0940e+03   3.2187e-06   2.4465e-08
   1.0950e+03   3.2183e-06   2.4446e-08
   1.0960e+03   3.2180e-06   2.4427e-08
   1.0970e+03   3.2176e-06   2.4408e-08
   1.0980e+03   3.2172e-06   2.4389e-08
   1.0990e+03   3.2169e-06   2.4370e-08
   1.1000e+03   3.2165e-06   2.4352e-08
   1.1010e+03   3.2161e-06   2.4333e-08
   1.1020e+03   3.2157e-06   2.4314e-08
   1.1030e+03   3.2154e-06   2.4296e-08
   1.1040e+03   3.2150e-06   2.4277e-08
   1.1050e+03   3.2147e-06   2.4259e-08
   1.1060e+03   3.2143e-06   2.4240e-08
   1.1070e+03   3.2139e-06   2.4222e-08
   1.1080e+03   3.2136e-06   2.4203e-08
   1.1090e+03   3.2132e-06   2.4185e-08
   1.1100e+03   3.2129e-06   2.4167e-08
   1.1110e+03   3.2125e-06   2.4149e-08
   1.1120e+03   3.2122e-06   2.4131e-08
   1.1130e+03   3.2118e-06   2.4112e-08
   1.1140e+03   3.2115e-06   2.4094e-08
   1.1150e+03   3.2111e-06   2.4076e-08
   1.1160e+03   3.2108e-06   2.4058e-08
   1.1170e+03   3.2104e-06   2.4041e-08
   1.1180e+03   3.2101e-06   2.4023e-08
   1.1190e+03   3.2098e-06   2.4005e-08
   1.1200e+03   3.2094e-06   2.3987e-08
   1.1210e+03   3.2091e-06   2.3969e-08
   1.1220e+03   3.2088e-06   2.3952e-08
   1.1230e+03   3.2084e-06   2.3934e-08
   1.1240e+03   3.2081e-06   2.3917e-08
   1.1250e+03   3.2078e-06   2.3899e-08
   1.1260e+03   3.2074e-06   2.3882e-08
   1.1270e+03   3.2071e-06   2.3864e-08
   1.1280e+03   3.2068e-06   2.3847e-08
   1.1290e+03   3.2064e-06   2.3830e-08
   1.1300e+03   3.2061e-06   2.3812e-08
   1.1310e+03   3.2058e-06   2.3795e-08
   1.1320e+03   3.2055e-06   2.3778e-08
   1.1330e+03   3.2052e-06   2.3761e-08
   1.1340e+03   3.2048e-06   2.3744e-08
   1.1350e+03   3.2045e-06   2.3727e-08
   1.1360e+03   3.2042e-06   2.3710e-08
   1.1370e+03   3.2039e-06   2.3693e-08
   1.1380e+03   3.2036e-06   2.3676e-08
   1.1390e+03   3.2033e-06   2.3659e-08
   1.1400e+03   3.2029e-06   2.3642e-08
   1.1410e+03   3.2026e-06   2.3625e-08
   1.1420e+03   3.2023e-06   2.3609e-08
   1.1430e+03   3.2020e-06   2.3592e-08
   1.1440e+03   3.2017e-06   2.3575e-08
   1.1450e+03   3.2014e-06   2.3559e-08
   1.1460e+03   3.2011e-06   2.3542e-08
   1.1470e+03   3.2008e-06   2.3525e-08
   1.1480e+03   3.2005e-06   2.3509e-08
   1.1490e+03   3.2002e-06   2.3493e-08
   1.1500e+03   3.1999e-06   2.3476e-08
   1.1510e+03   3.1996e-06   2.3460e-08
   1.1520e+03   3.1993e-06   2.3443e-08
   1.1530e+03   3.1990e-06   2.3427e-08
   1.1540e+03   3.1987e-06   2.3411e-08
   1.1550e+03   3.1984e-06   2.3395e-08
   1.1560e+03   3.1981e-06   2.3378e-08
   1.1570e+03   3.1978e-06   2.3362e-08
   1.1580e+03   3.1975e-06   2.3346e-08
   1.1590e+03   3.1972e-06   2.3330e-08
   1.1600e+03   3.1970e-06   2.3314e-08
   1.1610e+03   3.1967e-06   2.3298e-08
   1.1620e+03   3.1964e-06   2.3282e-08
   1.1630e+03   3.1961e-06   2.3266e-08
   1.1640e+03   3.1958e-06   2.3251e-08
   1.1650e+03   3.1955e-06   2.3235e-08
   1.1660e+03   3.1952e-06   2.3219e-08
   1.1670e+03   3.1950e-06   2.3203e-08
   1.1680e+03   3.1947e-06   2.3187e-08
   1.1690e+03   3.1944e-06   2.3172e-08
   1.1700e+03   3.1941e-06   2.3156e-08
   1.1710e+03   3.1938e-06   2.3140e-08
   1.1720e+03   3.1936e-06   2.3125e-08
   1.1730e+03   3.1933e-06   2.3109e-08
   1.1740e+03   3.1930e-06   2.3094e-08
   1.1750e+03   3.1927e-06   2.3078e-08
   1.1760e+03   3.1925e-06   2.3063e-08
   1.1770e+03   3.1922e-06   2.3048e-08
   1.1780e+03   3.1919e-06   2.3032e-08
   1.1790e+03   3.1916e-06   2.3017e-08
   1.1800e+03   3.1914e-06   2.3002e-08
   1.1810e+03   3.1911e-06   2.2986e-08
   1.1820e+03   3.1908e-06   2.2971e-08
   1.1830e+03   3.1906e-06   2.2956e-08
   1.1840e+03   3.1903e-06   2.2941e-08
   1.1850e+03   3.1900e-06   2.2925e-08
   1.1860e+03   3.1898e-06   2.2910e-08
   1.1870e+03   3.1895e-06   2.2895e-08
   1.1880e+03   3.1892e-06   2.2880e-08
   1.1890e+03   3.1890e-06   2.2865e-08
   1.1900e+03   3.1887e-06   2.2850e-08
   1.1910e+03   3.1884e-06   2.2835e-08
   1.1920e+03   3.1882e-06   2.2820e-08
   1.1930e+03   3.1879e-06   2.2805e-08
   1.1940e+03   3.1876e-06   2.2791e-08
   1.1950e+03   3.1874e-06   2.2776e-08
   1.1960e+03   3.1871e-06   2.2761e-08
   1.1970e+03   3.1869e-06   2.2746e-08
   1.1980e+03   3.1866e-06   2.2731e-08
   1.1990e+03   3.1864e-06   2.2717e-08
   1.2000e+03   3.1861e-06   2.2702e-08
   1.2010e+03   3.1858e-06   2.2687e-08
   1.2020e+03   3.1856e-06   2.2673e-08
   1.2030e+03   3.1853e-06   2.2658e-08
   1.2040e+03   3.1851e-06   2.2643e-08
   1.2050e+03   3.1848e-06   2.2629e-08
   1.2060e+03   3.1846e-06   2.2614e-08
   1.2070e+03   3.1843e-06   2.2600e-08
   1.2080e+03   3.1841e-06   2.2585e-08
   1.2090e+03   3.1838e-06   2.2571e-08
   1.2100e+03   3.1836e-06   2.2556e-08
   1.2110e+03   3.1833e-06   2.2542e-08
   1.2120e+03   3.1831e-06   2.2528e-08
   1.2130e+03   3.1828e-06   2.2513e-08
   1.2140e+03   3.1826e-06   2.2499e-08
   1.2150e+03   3.1823e-06   2.2485e-08
   1.2160e+03   3.1821e-06   2.2470e-08
   1.2170e+03   3.1818e-06   2.2456e-08
   1.2180e+03   3.1816e-06   2.2442e-08
   1.2190e+03   3.1813e-06   2.2428e-08
   1.2200e+03   3.1811e-06   2.2413e-08
   1.2210e+03   3.1808e-06   2.2399e-08
   1.2220e+03   3.1806e-06   2.2385e-08
   1.2230e+03   3.1803e-06   2.2371e-08
   1.2240e+03   3.1801e-06   2.2357e-08
   1.2250e+03   3.1798e-06   2.2343e-08
   1.2260e+03   3.1796e-06   2.2329e-08
   1.2270e+03   3.1793e-06   2.2315e-08
   1.2280e+03   3.1791e-06   2.2301e-08
   1.2290e+03   3.1788e-06   2.2287e-08
   1.2300e+03   3.1786e-06   2.2273e-08
   1.2310e+03   3.1784e-06   2.2259e-08
   1.2320e+03   3.1781e-06   2.2245e-08
   1.2330e+03   3.1779e-06   2.2231e-08
   1.2340e+03   3.1776e-06   2.2217e-08
   1.2350e+03   3.1774e-06   2.2203e-08
   1.2360e+03   3.1771e-06   2.2189e-08
   1.2370e+03   3.1769e-06   2.2175e-08
   1.2380e+03   3.1767e-06   2.2161e-08
   1.2390e+03   3.1764e-06   2.2148e-08
   1.2400e+03   3.1762e-06   2.2134e-08
   1.2410e+03   3.1759e-06   2.2120e-08
   1.2420e+03   3.1757e-06   2.2106e-08
   1.2430e+03   3.1754e-06   2.2092e-08
   1.2440e+03   3.1752e-06   2.2079e-08
   1.2450e+03   3.1750e-06   2.2065e-08
   1.2460e+03   3.1747e-06   2.2051e-08
   1.2470e+03   3.1745e-06   2.2038e-08
   1.2480e+03   3.1742e-06   2.2024e-08
   1.2490e+03   3.1740e-06   2.2010e-08
   1.2500e+03   3.1738e-06   2.1997e-08
