# Galaxy-kappa 2x2pt covariance.
# Using NaMaster Gaussian covariance.
# Using 20 ell bins for both gg and kg.
# with stacked data vector [Cgg,Ckg].
     2.845244868503107e-11    -5.461292125308406e-14    -2.125950825786761e-15    -1.287859516766234e-15    -7.783173959131426e-16    -5.313050769288428e-16    -3.912878467456372e-16    -3.069992265659624e-16    -2.531642422567053e-16    -2.152571415346626e-16    -1.869232302243319e-16    -1.669218742857567e-16    -1.506658427162967e-16    -1.365570047160353e-16    -1.236023061668468e-16    -1.125528603029712e-16    -1.034072145573048e-16    -9.506146879340439e-17    -8.748392135226240e-17    -8.069749195195569e-17     5.418085406898916e-14    -1.886553007874559e-16     5.399950502397180e-18     1.122193857562859e-18     8.050625528024127e-19     6.622993248073497e-19     4.531954597313191e-19     3.555298263869916e-19     3.245647333541002e-19     2.716408293395337e-19     2.445659163702426e-19     2.188817938292662e-19     1.936508528969000e-19     1.731727499685513e-19     1.479076321957645e-19     1.296098710939923e-19     1.151697487107111e-19     1.031337965998737e-19     9.270021102349471e-20     8.293158280919080e-20
    -5.461292125308408e-14     4.084596161971098e-13    -7.194053895986742e-15    -3.406815625700738e-16    -2.076220252474929e-16    -1.318106517098161e-16    -9.443728134617527e-17    -7.257313536475997e-17    -5.859904872700480e-17    -4.941876690749063e-17    -4.318188746944419e-17    -3.807399774161947e-17    -3.407954520386585e-17    -3.096533222421069e-17    -2.819237139467307e-17    -2.569830123579720e-17    -2.357883650890087e-17    -2.162882171416176e-17    -1.994623732337083e-17    -1.852064182212099e-17    -8.326466474334490e-16     6.374303847985328e-15    -1.693878280816798e-17     1.301626287432587e-18     5.217100700513684e-19     3.497630605325405e-19     2.691511663555812e-19     1.946721534015312e-19     1.563670973490770e-19     1.327595745546479e-19     1.126650321055602e-19     9.920948517693029e-20     8.660300791113081e-20     7.657949387999836e-20     6.822612857168453e-20     6.010049683444234e-20     5.369870645179471e-20     4.796493211490125e-20     4.330750551010539e-20     3.948597970173017e-20
    -2.125950825786762e-15    -7.194053895986745e-15     1.077002883108200e-13    -1.901453456203486e-15    -1.060776415637760e-16    -6.386872887391650e-17    -4.154800511447643e-17    -3.035703108098553e-17    -2.374921502894145e-17    -1.960550718404705e-17    -1.674704938812100e-17    -1.468116241389863e-17    -1.303974642721420e-17    -1.171985788251592e-17    -1.069060657377411e-17    -9.783032329734511e-18    -8.912757606814273e-18    -8.197040559933861e-18    -7.570745250677286e-18    -6.982126487594955e-18    -3.544135722902037e-17    -8.574513265689758e-17     1.485454483270992e-15    -3.109134239858115e-18     3.620944074537772e-19     1.881719378095966e-19     1.373513149584878e-19     1.096243188063116e-19     8.431122258728073e-20     7.006747046998770e-20     6.030292460523278e-20     5.176761398049438e-20     4.578097995761850e-20     4.042277586085469e-20     3.618788919646766e-20     3.256405965929668e-20     2.896846714630316e-20     2.612593432402223e-20     2.369045742494527e-20     2.149887257528336e-20
    -1.287859516766234e-15    -3.406815625700742e-16    -1.901453456203488e-15     4.585263868613177e-14    -8.606179558985778e-16    -5.089921533644018e-17    -3.091457376736380e-17    -2.037915316434968e-17    -1.512052122573975e-17    -1.195185979218843e-17    -9.906147872429512e-18    -8.507750906505718e-18    -7.477921641295193e-18    -6.663861077943286e-18    -6.013240197032774e-18    -5.475424957065184e-18    -5.014778014255192e-18    -4.592124913070219e-18    -4.221027233201926e-18    -3.889404966939213e-18    -2.215341130201590e-17    -4.651365501040237e-18    -1.612955570886974e-17     5.622502937298796e-16    -1.569931185470597e-18     1.334700014729479e-19     8.034587552054097e-20     6.375036512462196e-20     5.342974771317597e-20     4.321601912089841e-20     3.677377212728492e-20     3.221300115991965e-20     2.817809156647038e-20     2.524354375651079e-20     2.263686048743885e-20     2.039935379882622e-20     1.850444684819741e-20     1.671790465009399e-20     1.517392995787889e-20     1.381033103925822e-20
    -7.783173959131427e-16    -2.076220252474929e-16    -1.060776415637753e-16    -8.606179558985787e-16     2.442872026151928e-14    -4.710840494401118e-16    -2.983261412344932e-17    -1.829641279774974e-17    -1.221478329014117e-17    -9.119376518835204e-18    -7.251271891158763e-18    -6.030925715630512e-18    -5.195460278782661e-18    -4.580618607729444e-18    -4.077490594147622e-18    -3.681736095584799e-18    -3.363091076457397e-18    -3.076928430509766e-18    -2.811699878502983e-18    -2.577146041821257e-18    -1.370202971520967e-17    -3.121553363004980e-18    -1.027939901792129e-18    -5.772553117411266e-18     2.656010797740616e-16    -8.050299415442183e-19     5.660670280474155e-20     3.811466897972164e-20     3.259063125895138e-20     2.843392271543532e-20     2.390244027165595e-20     2.086227915969006e-20     1.864375326628732e-20     1.663953374096540e-20     1.505271598382237e-20     1.365932012412700e-20     1.248246537268328e-20     1.140586684737909e-20     1.037053156733341e-20     9.455452483750520e-21
    -5.313050769288429e-16    -1.318106517098160e-16    -6.386872887391638e-17    -5.089921533644021e-17    -4.710840494401126e-16     1.528179123054922e-14    -3.042654331594916e-16    -2.014694656182804e-17    -1.249860905620500e-17    -8.440013741052486e-18    -6.346024807001805e-18    -5.073270680059339e-18    -4.239758331379939e-18    -3.654223463350789e-18    -3.225858027814605e-18    -2.881062049064572e-18    -2.600072632266766e-18    -2.370269806628837e-18    -2.163059568256160e-18    -1.975383598201694e-18    -9.454714537429015e-18    -2.093078421817060e-18    -7.166471386935545e-19    -3.530794685066359e-19    -2.440599063608990e-18     1.493426787964853e-16    -5.231160264692278e-19     2.679402810965100e-20     1.978058461406666e-20     1.817941585748015e-20     1.652173351962763e-20     1.437283302050012e-20     1.287853042777056e-20     1.168829065275307e-20     1.059980246057590e-20     9.739508819025747e-21     8.925953603084978e-21     8.214113030960613e-21     7.548479195825560e-21     6.907839291555430e-21
    -3.912878467456372e-16    -9.443728134617526e-17    -4.154800511447647e-17    -3.091457376736369e-17    -2.983261412344929e-17    -3.042654331594918e-16     1.062306285788158e-14    -2.161876150221153e-16    -1.483377527202095e-17    -9.310258951445359e-18    -6.353639662247119e-18    -4.815524166655797e-18    -3.865079517494370e-18    -3.241749527669432e-18    -2.806285686146204e-18    -2.478855256643837e-18    -2.212098223356496e-18    -1.993397954370898e-18    -1.816597410615827e-18    -1.658370666365730e-18    -6.993806056949825e-18    -1.546958257505497e-18    -5.106546987605614e-19    -2.570954988913887e-19    -1.475667846627201e-19    -1.293009123147527e-18     9.423102758526643e-17    -3.613974722009673e-19     1.381358770994205e-20     1.104983786511844e-20     1.090011399244446e-20     1.032039130590144e-20     9.220474767999503e-21     8.439921289625815e-21     7.810431383415853e-21     7.175636628192567e-21     6.654753647378841e-21     6.148506086500966e-21     5.698272266096433e-21     5.274391778114870e-21
    -3.069992265659627e-16    -7.257313536475992e-17    -3.035703108098558e-17    -2.037915316434971e-17    -1.829641279774975e-17    -2.014694656182795e-17    -2.161876150221157e-16     7.902790312680675e-15    -1.637517164121948e-16    -1.154251948429905e-17    -7.323268963861182e-18    -5.039330006391351e-18    -3.845527668280331e-18    -3.106606281256997e-18    -2.612992830983110e-18    -2.263596571387942e-18    -1.998773766385498e-18    -1.784844836429148e-18    -1.610021146639464e-18    -1.468244845387105e-18    -5.504481859084940e-18    -1.208450026449420e-18    -3.954613184787663e-19    -1.897407198306136e-19    -1.109207032050137e-19    -7.447568103565955e-20    -7.766554948903576e-19     6.431804264646389e-17    -2.668169091564575e-19     7.407647673976361e-21     6.482691084408488e-21     6.877051211674687e-21     6.761470822972197e-21     6.213829003560983e-21     5.795982605974376e-21     5.437163832267038e-21     5.052216666139230e-21     4.728912250093187e-21     4.408410875608135e-21     4.119609551592476e-21
    -2.531642422567051e-16    -5.859904872700481e-17    -2.374921502894146e-17    -1.512052122573978e-17    -1.221478329014119e-17    -1.249860905620494e-17    -1.483377527202093e-17    -1.637517164121949e-16     6.183122814793671e-15    -1.299142502285395e-16    -9.345361812473449e-18    -5.982770141426280e-18    -4.155956308151645e-18    -3.189902344012063e-18    -2.585210834895149e-18    -2.177568551827074e-18    -1.889561815449697e-18    -1.671655289211318e-18    -1.495046554094681e-18    -1.351273390897742e-18    -4.548373236422301e-18    -9.875305596263549e-19    -3.201407682552979e-19    -1.520823014723077e-19    -8.416487884999974e-20    -5.717216211379384e-20    -4.258822670649527e-20    -5.111073434906177e-19     4.659366101866227e-17    -2.050872349442779e-19     4.121949849582903e-21     3.966846492136412e-21     4.549820849404467e-21     4.629043909971593e-21     4.350110268683764e-21     4.128882868758130e-21     3.924453736516248e-21     3.687416750511467e-21     3.485664705837058e-21     3.281634908093644e-21
    -2.152571415346627e-16    -4.941876690749064e-17    -1.960550718404706e-17    -1.195185979218844e-17    -9.119376518835200e-18    -8.440013741052489e-18    -9.310258951445356e-18    -1.154251948429901e-17    -1.299142502285396e-16     5.016251924718515e-15    -1.065112012648971e-16    -7.791086301827753e-18    -5.028780678147633e-18    -3.515744575724578e-18    -2.708972591952210e-18    -2.202238654686201e-18    -1.860299737578993e-18    -1.618274071571665e-18    -1.435449811077646e-18    -1.283052375727035e-18    -3.871948174351284e-18    -8.392359460610721e-19    -2.709715517285481e-19    -1.264270040825700e-19    -6.895847379659200e-20    -4.412332213709827e-20    -3.322708094072870e-20    -2.662410231305401e-20    -3.601142750174671e-19     3.527599097697444e-17    -1.623775372142315e-19     2.344528077437496e-21     2.491760252303614e-21     3.098713526493876e-21     3.269569203776244e-21     3.141947356407693e-21     3.034413640017035e-21     2.922003865906831e-21     2.776877534982011e-21     2.642852921618292e-21
    -1.869232302243319e-16    -4.318188746944411e-17    -1.674704938812099e-17    -9.906147872429514e-18    -7.251271891158775e-18    -6.346024807001815e-18    -6.353639662247105e-18    -7.323268963861189e-18    -9.345361812473424e-18    -1.065112012648972e-16     4.179759942621049e-15    -8.954642467429253e-17    -6.635683422934022e-18    -4.309547582932824e-18    -3.028501886301593e-18    -2.342881860362541e-18    -1.911043848671542e-18    -1.620030268326458e-18    -1.410124733932938e-18    -1.250221505521133e-18    -3.364347999480199e-18    -7.367914850398864e-19    -2.358484708679698e-19    -1.088391460229003e-19    -5.850929754882487e-20    -3.677987273533788e-20    -2.594555568276388e-20    -2.104642664238517e-20    -1.791106076763653e-20    -2.668957458069774e-19     2.760845206997320e-17    -1.319137751769828e-19     1.280459169304717e-21     1.561818573246874e-21     2.155784380741803e-21     2.370609227626099e-21     2.331745675697955e-21     2.290076600024355e-21     2.226219869957540e-21     2.129116016423498e-21
    -1.669218742857569e-16    -3.807399774161946e-17    -1.468116241389863e-17    -8.507750906505718e-18    -6.030925715630524e-18    -5.073270680059333e-18    -4.815524166655798e-18    -5.039330006391341e-18    -5.982770141426293e-18    -7.791086301827770e-18    -8.954642467429242e-17     3.556313390402939e-15    -7.678023551839327e-17    -5.746739880998864e-18    -3.751652970168016e-18    -2.648154911781409e-18    -2.057221376941830e-18    -1.681353997488993e-18    -1.426459965190440e-18    -1.242889168414516e-18    -3.005372375221449e-18    -6.526712442443606e-19    -2.095143954216174e-19    -9.626588175272027e-20    -5.120524016747770e-20    -3.170104810806342e-20    -2.191135004995326e-20    -1.654698156653647e-20    -1.428308413480272e-20    -1.274123385655287e-20    -2.056206755019692e-19     2.217927136883526e-17    -1.095672207722767e-19     6.083269592298041e-22     9.649055462581373e-22     1.532857870705682e-21     1.762757845316908e-21     1.765923448947870e-21     1.753782124180720e-21     1.722821866302312e-21
    -1.506658427162968e-16    -3.407954520386584e-17    -1.303974642721421e-17    -7.477921641295210e-18    -5.195460278782664e-18    -4.239758331379941e-18    -3.865079517494374e-18    -3.845527668280337e-18    -4.155956308151642e-18    -5.028780678147649e-18    -6.635683422934012e-18    -7.678023551839333e-17     3.081218772011717e-15    -6.693472370692802e-17    -5.049430537080696e-18    -3.311312185271505e-18    -2.344852319132905e-18    -1.825580793177897e-18    -1.495071890325877e-18    -1.269756286268956e-18    -2.714012707557293e-18    -5.859125726138244e-19    -1.880771150618110e-19    -8.652831219161427e-20    -4.590001309350962e-20    -2.810239626436749e-20    -1.907251286501702e-20    -1.407430370978090e-20    -1.125347844486929e-20    -1.019433611124498e-20    -9.412467684220752e-21    -1.629216936670481e-19     1.822788850530539e-17    -9.253990853131386e-20     2.137015449212046e-22     5.995464030815831e-22     1.119472946286153e-21     1.334611148270565e-21     1.360223977630145e-21     1.369314634587520e-21
    -1.365570047160352e-16    -3.096533222421069e-17    -1.171985788251594e-17    -6.663861077943288e-18    -4.580618607729435e-18    -3.654223463350780e-18    -3.241749527669438e-18    -3.106606281257003e-18    -3.189902344012061e-18    -3.515744575724572e-18    -4.309547582932841e-18    -5.746739880998865e-18    -6.693472370692807e-17     2.708766723825281e-15    -5.912228066735554e-17    -4.486705356235483e-18    -2.951193682084755e-18    -2.096267962466689e-18    -1.635463535216471e-18    -1.341899588785942e-18    -2.460166184047268e-18    -5.334563793577354e-19    -1.704281362166284e-19    -7.849146111200244e-20    -4.173972900963894e-20    -2.540582710437448e-20    -1.705616756825612e-20    -1.235803064366056e-20    -9.612163440322014e-21    -8.021301805730335e-21    -7.541223706743042e-21    -7.152619249525579e-21    -1.322607896007580e-19     1.526984093970769e-17    -7.910857600279160e-20     2.077518560009205e-24     3.694606637656081e-22     8.316940985527753e-22     1.029832103934736e-21     1.068930970639932e-21
    -1.236023061668468e-16    -2.819237139467308e-17    -1.069060657377409e-17    -6.013240197032781e-18    -4.077490594147626e-18    -3.225858027814602e-18    -2.806285686146209e-18    -2.612992830983112e-18    -2.585210834895155e-18    -2.708972591952222e-18    -3.028501886301602e-18    -3.751652970168022e-18    -5.049430537080692e-18    -5.912228066735553e-17     2.407905411630049e-15    -5.275702652721297e-17    -4.021160759380529e-18    -2.652744339259461e-18    -1.889305253899895e-18    -1.477931814372545e-18    -2.226724427873932e-18    -4.864772727264718e-19    -1.564544093359440e-19    -7.182652696558222e-20    -3.813261895447087e-20    -2.330348184715620e-20    -1.557313290981921e-20    -1.113550658212794e-20    -8.491379209747325e-21    -6.867994698163138e-21    -5.928990368942198e-21    -5.752586171959603e-21    -5.607082103717876e-21    -1.097295781660408e-19     1.298179927710485e-17    -6.831859858222634e-20    -1.200513132426253e-22     2.116993277247549e-22     6.224912029839560e-22     8.065740621621855e-22
    -1.125528603029713e-16    -2.569830123579722e-17    -9.783032329734528e-18    -5.475424957065183e-18    -3.681736095584802e-18    -2.881062049064570e-18    -2.478855256643839e-18    -2.263596571387953e-18    -2.177568551827069e-18    -2.202238654686202e-18    -2.342881860362544e-18    -2.648154911781415e-18    -3.311312185271516e-18    -4.486705356235481e-18    -5.275702652721297e-17     2.159200107121200e-15    -4.747623508463415e-17    -3.631670028909375e-18    -2.403061347570870e-18    -1.716451565642450e-18    -2.028079060326435e-18    -4.439447533155837e-19    -1.439725251355915e-19    -6.622242405538515e-20    -3.516124865074987e-20    -2.150123561900749e-20    -1.439332835864850e-20    -1.023481363771360e-20    -7.693582181113489e-21    -6.105000517350327e-21    -5.094587185124771e-21    -4.521257110492809e-21    -4.526603018533803e-21    -4.530557126760674e-21    -9.264905297603379e-20     1.116171356748066e-17    -5.960933511519673e-20    -2.083549558493818e-22     9.363828212986603e-23     4.659832930051830e-22
    -1.034072145573048e-16    -2.357883650890086e-17    -8.912757606814280e-18    -5.014778014255191e-18    -3.363091076457402e-18    -2.600072632266757e-18    -2.212098223356495e-18    -1.998773766385498e-18    -1.889561815449701e-18    -1.860299737578991e-18    -1.911043848671538e-18    -2.057221376941823e-18    -2.344852319132901e-18    -2.951193682084755e-18    -4.021160759380546e-18    -4.747623508463402e-17     1.951607631188145e-15    -4.305520649657037e-17    -3.305201534581422e-18    -2.191703598260330e-18    -1.863383746243814e-18    -4.078945242575696e-19    -1.318097790232849e-19    -6.129583620495671e-20    -3.271395805287358e-20    -1.994729699952207e-20    -1.335053440267393e-20    -9.506088123965682e-21    -7.113974632505239e-21    -5.561744886863481e-21    -4.548716573678042e-21    -3.892220251418727e-21    -3.549359740173709e-21    -3.659876453863331e-21    -3.739133876126411e-21    -7.923114344046865e-20     9.692120483104754e-18    -5.255486093738967e-20    -2.753440429316036e-22     7.960450659695070e-24
    -9.506146879340441e-17    -2.162882171416173e-17    -8.197040559933847e-18    -4.592124913070221e-18    -3.076928430509765e-18    -2.370269806628832e-18    -1.993397954370894e-18    -1.784844836429145e-18    -1.671655289211317e-18    -1.618274071571666e-18    -1.620030268326458e-18    -1.681353997488998e-18    -1.825580793177901e-18    -2.096267962466687e-18    -2.652744339259462e-18    -3.631670028909386e-18    -4.305520649657032e-17     1.777229653742377e-15    -3.931628447111227e-17    -3.025176144296178e-18    -1.713172251739029e-18    -3.746644260241156e-19    -1.217090413070362e-19    -5.660326021755648e-20    -3.042526399320511e-20    -1.862560497318723e-20    -1.242504933212847e-20    -8.859988289142559e-21    -6.640214285147797e-21    -5.162115282918761e-21    -4.156554786871720e-21    -3.478128796959362e-21    -3.049424394742813e-21    -2.853249756340283e-21    -3.009336068107406e-21    -3.115245508419282e-21    -6.841536803181986e-20     8.500190534702612e-18    -4.671230296458939e-20    -3.143010838786350e-22
    -8.748392135226240e-17    -1.994623732337083e-17    -7.570745250677287e-18    -4.221027233201924e-18    -2.811699878502981e-18    -2.163059568256162e-18    -1.816597410615828e-18    -1.610021146639463e-18    -1.495046554094676e-18    -1.435449811077644e-18    -1.410124733932940e-18    -1.426459965190444e-18    -1.495071890325877e-18    -1.635463535216469e-18    -1.889305253899897e-18    -2.403061347570869e-18    -3.305201534581421e-18    -3.931628447111239e-17     1.628709019096376e-15    -3.610583738116764e-17    -1.576736807697928e-18    -3.457773027243889e-19    -1.127851128298987e-19    -5.244868569991401e-20    -2.817277275880772e-20    -1.736314977983882e-20    -1.165115314703536e-20    -8.283945820678576e-21    -6.213111743099065e-21    -4.837737520717777e-21    -3.863031680459445e-21    -3.180345040291677e-21    -2.724189274531111e-21    -2.441768126854086e-21    -2.330186210856629e-21    -2.500389256010107e-21    -2.616193826417819e-21    -5.965964603299647e-20     7.523263192353555e-18    -4.177655934675137e-20
    -8.069749195195572e-17    -1.852064182212097e-17    -6.982126487594963e-18    -3.889404966939212e-18    -2.577146041821261e-18    -1.975383598201693e-18    -1.658370666365734e-18    -1.468244845387106e-18    -1.351273390897738e-18    -1.283052375727031e-18    -1.250221505521133e-18    -1.242889168414512e-18    -1.269756286268959e-18    -1.341899588785940e-18    -1.477931814372551e-18    -1.716451565642450e-18    -2.191703598260327e-18    -3.025176144296182e-18    -3.610583738116764e-17     1.499996633355884e-15    -1.454379492122579e-18    -3.211501544120356e-19    -1.043725375015225e-19    -4.866442212341167e-20    -2.614779057243149e-20    -1.614235939707296e-20    -1.091330008084959e-20    -7.801918841504520e-21    -5.836263539058311e-21    -4.535558698206249e-21    -3.628055217156711e-21    -2.961462364511372e-21    -2.492228864030647e-21    -2.181639038940792e-21    -1.990011251445421e-21    -1.926431908366458e-21    -2.098594218251017e-21    -2.226652634971156e-21    -5.254709370039485e-20     6.708470951844349e-18
     5.418085406898916e-14    -8.326466474334490e-16    -3.544135722902037e-17    -2.215341130201590e-17    -1.370202971520967e-17    -9.454714537429015e-18    -6.993806056949825e-18    -5.504481859084940e-18    -4.548373236422301e-18    -3.871948174351284e-18    -3.364347999480199e-18    -3.005372375221449e-18    -2.714012707557293e-18    -2.460166184047268e-18    -2.226724427873932e-18    -2.028079060326435e-18    -1.863383746243814e-18    -1.713172251739029e-18    -1.576736807697928e-18    -1.454379492122579e-18     1.274420673839190e-14    -6.436277637929502e-17    -4.619487155502418e-20    -1.863022258007180e-19    -5.829628978335282e-20    -1.645141720018871e-20    -1.071725484613014e-20    -1.460993026308843e-20    -7.454729466858235e-21    -6.996446209437447e-21    -4.996611255146467e-21    -4.664786701760347e-21    -4.400813414490307e-21    -1.489865991811239e-21     6.148304445766705e-24     2.739964809349327e-22     7.042200741360899e-22     1.089648415410433e-21     1.537448862374403e-21     1.651798135775981e-21
    -1.886553007874559e-16     6.374303847985328e-15    -8.574513265689758e-17    -4.651365501040237e-18    -3.121553363004980e-18    -2.093078421817060e-18    -1.546958257505497e-18    -1.208450026449420e-18    -9.875305596263549e-19    -8.392359460610721e-19    -7.367914850398864e-19    -6.526712442443606e-19    -5.859125726138244e-19    -5.334563793577354e-19    -4.864772727264718e-19    -4.439447533155837e-19    -4.078945242575696e-19    -3.746644260241156e-19    -3.457773027243889e-19    -3.211501544120356e-19    -6.436277637929511e-17     3.003180940160524e-15    -1.565646554694575e-17    -5.218030424725279e-20    -6.365833804773998e-20    -2.173075391857499e-20    -8.530760141242334e-21    -7.018432563000865e-21    -5.436835992798919e-21    -3.863821083246682e-21    -3.654003765735387e-21    -2.511473678727643e-21    -1.874974025620338e-21    -1.491212222772493e-21    -6.353157731696006e-22     1.314785047314512e-22     3.584704214146314e-22     5.648643416676589e-22     6.961130030843206e-22     7.847577651182012e-22
     5.399950502397180e-18    -1.693878280816798e-17     1.485454483270992e-15    -1.612955570886974e-17    -1.027939901792129e-18    -7.166471386935545e-19    -5.106546987605614e-19    -3.954613184787663e-19    -3.201407682552979e-19    -2.709715517285481e-19    -2.358484708679698e-19    -2.095143954216174e-19    -1.880771150618110e-19    -1.704281362166284e-19    -1.564544093359440e-19    -1.439725251355915e-19    -1.318097790232849e-19    -1.217090413070362e-19    -1.127851128298987e-19    -1.043725375015225e-19    -4.619487155502647e-20    -1.565646554694579e-17     1.296359681676678e-15    -7.071581554445729e-18    -5.746187568351806e-20    -4.488137578883841e-20    -1.847266220052603e-20    -7.008984750535136e-21    -5.637951703826528e-21    -3.959781256393340e-21    -2.462541387751484e-21    -1.957173201398928e-21    -1.188554096890117e-21    -9.217914302759449e-22    -6.339912206484739e-22    -1.464850413248316e-22     2.446730346048618e-22     3.257459779818139e-22     3.890420591972855e-22     4.444197990278504e-22
     1.122193857562859e-18     1.301626287432587e-18    -3.109134239858115e-18     5.622502937298796e-16    -5.772553117411266e-18    -3.530794685066359e-19    -2.570954988913887e-19    -1.897407198306136e-19    -1.520823014723077e-19    -1.264270040825700e-19    -1.088391460229003e-19    -9.626588175272027e-20    -8.652831219161427e-20    -7.849146111200244e-20    -7.182652696558222e-20    -6.622242405538515e-20    -6.129583620495671e-20    -5.660326021755648e-20    -5.244868569991401e-20    -4.866442212341167e-20    -1.863022258007183e-19    -5.218030424725427e-20    -7.071581554445735e-18     8.368001266621315e-16    -4.903281459681924e-18    -5.478569660416098e-20    -3.843121052215469e-20    -1.664181438774391e-20    -6.581300148919403e-21    -4.841309234054917e-21    -3.060647768407772e-21    -1.792304107102479e-21    -1.422972957507906e-21    -7.179884378286053e-22    -4.793605677866308e-22    -2.910364947578626e-22     1.646186078328124e-23     2.325625114193858e-22     2.714946981702712e-22     2.684552355540546e-22
     8.050625528024127e-19     5.217100700513684e-19     3.620944074537772e-19    -1.569931185470597e-18     2.656010797740616e-16    -2.440599063608990e-18    -1.475667846627201e-19    -1.109207032050137e-19    -8.416487884999974e-20    -6.895847379659200e-20    -5.850929754882487e-20    -5.120524016747770e-20    -4.590001309350962e-20    -4.173972900963894e-20    -3.813261895447087e-20    -3.516124865074987e-20    -3.271395805287358e-20    -3.042526399320511e-20    -2.817277275880772e-20    -2.614779057243149e-20    -5.829628978335264e-20    -6.365833804773957e-20    -5.746187568351872e-20    -4.903281459681931e-18     6.531033279525726e-16    -3.828405834082771e-18    -5.013620482320621e-20    -3.413711283408927e-20    -1.497421485827849e-20    -5.862541247129482e-21    -4.356044046379183e-21    -2.726843593794818e-21    -1.494160575705679e-21    -1.099697074226903e-21    -4.647319228658515e-22    -3.072119054259608e-22    -1.785454097086122e-22     6.068467392366264e-23     1.858256776747637e-22     1.999623775214341e-22
     6.622993248073497e-19     3.497630605325405e-19     1.881719378095966e-19     1.334700014729479e-19    -8.050299415442183e-19     1.493426787964853e-16    -1.293009123147527e-18    -7.447568103565955e-20    -5.717216211379384e-20    -4.412332213709827e-20    -3.677987273533788e-20    -3.170104810806342e-20    -2.810239626436749e-20    -2.540582710437448e-20    -2.330348184715620e-20    -2.150123561900749e-20    -1.994729699952207e-20    -1.862560497318723e-20    -1.736314977983882e-20    -1.614235939707296e-20    -1.645141720018858e-20    -2.173075391857527e-20    -4.488137578883830e-20    -5.478569660416110e-20    -3.828405834082786e-18     5.406825496456535e-16    -3.173594152833698e-18    -4.356390213283001e-20    -2.981762944476919e-20    -1.340784045683027e-20    -5.371096496175526e-21    -3.985322144767245e-21    -2.412064865446669e-21    -1.267710962066590e-21    -9.284902985873605e-22    -3.705327810205861e-22    -2.469367325304930e-22    -1.578196138437886e-22     4.599412211066849e-23     1.480496905406366e-22
     4.531954597313191e-19     2.691511663555812e-19     1.373513149584878e-19     8.034587552054097e-20     5.660670280474155e-20    -5.231160264692278e-19     9.423102758526643e-17    -7.766554948903576e-19    -4.258822670649527e-20    -3.322708094072870e-20    -2.594555568276388e-20    -2.191135004995326e-20    -1.907251286501702e-20    -1.705616756825612e-20    -1.557313290981921e-20    -1.439332835864850e-20    -1.335053440267393e-20    -1.242504933212847e-20    -1.165115314703536e-20    -1.091330008084959e-20    -1.071725484613016e-20    -8.530760141242357e-21    -1.847266220052604e-20    -3.843121052215462e-20    -5.013620482320611e-20    -3.173594152833688e-18     4.442984534274698e-16    -2.605411993852587e-18    -3.691550781152785e-20    -2.581476416688836e-20    -1.183769031537876e-20    -4.774573176705478e-21    -3.533427199713020e-21    -2.125754174274900e-21    -1.106162675536472e-21    -8.204450200555089e-22    -3.424437994110313e-22    -2.424927611934081e-22    -1.543324440726843e-22     3.074241110014230e-23
     3.555298263869916e-19     1.946721534015312e-19     1.096243188063116e-19     6.375036512462196e-20     3.811466897972164e-20     2.679402810965100e-20    -3.613974722009673e-19     6.431804264646389e-17    -5.111073434906177e-19    -2.662410231305401e-20    -2.104642664238517e-20    -1.654698156653647e-20    -1.407430370978090e-20    -1.235803064366056e-20    -1.113550658212794e-20    -1.023481363771360e-20    -9.506088123965682e-21    -8.859988289142559e-21    -8.283945820678576e-21    -7.801918841504520e-21    -1.460993026308837e-20    -7.018432563000871e-21    -7.008984750535115e-21    -1.664181438774390e-20    -3.413711283408921e-20    -4.356390213283017e-20    -2.605411993852593e-18     3.619086941643604e-16    -2.164815707898096e-18    -3.143626560463539e-20    -2.239298760877224e-20    -1.040627692023499e-20    -4.212188301303712e-21    -3.114498482874457e-21    -1.869198471390702e-21    -9.951741336935426e-22    -7.555948029053167e-22    -3.265751226876951e-22    -2.346279825503046e-22    -1.484093720096841e-22
     3.245647333541002e-19     1.563670973490770e-19     8.431122258728073e-20     5.342974771317597e-20     3.259063125895138e-20     1.978058461406666e-20     1.381358770994205e-20    -2.668169091564575e-19     4.659366101866227e-17    -3.601142750174671e-19    -1.791106076763653e-20    -1.428308413480272e-20    -1.125347844486929e-20    -9.612163440322014e-21    -8.491379209747325e-21    -7.693582181113489e-21    -7.113974632505239e-21    -6.640214285147797e-21    -6.213111743099065e-21    -5.836263539058311e-21    -7.454729466858256e-21    -5.436835992798930e-21    -5.637951703826528e-21    -6.581300148919418e-21    -1.497421485827843e-20    -2.981762944476920e-20    -3.691550781152769e-20    -2.164815707898096e-18     3.034520049634194e-16    -1.861384494296915e-18    -2.781338633536085e-20    -1.999912304679806e-20    -9.308122776455065e-21    -3.771043613700033e-21    -2.796635556052632e-21    -1.699830056007182e-21    -9.194594185861053e-22    -7.076553941853347e-22    -3.101015272219808e-22    -2.194669043535109e-22
     2.716408293395337e-19     1.327595745546479e-19     7.006747046998770e-20     4.321601912089841e-20     2.843392271543532e-20     1.817941585748015e-20     1.104983786511844e-20     7.407647673976361e-21    -2.050872349442779e-19     3.527599097697444e-17    -2.668957458069774e-19    -1.274123385655287e-20    -1.019433611124498e-20    -8.021301805730335e-21    -6.867994698163138e-21    -6.105000517350327e-21    -5.561744886863481e-21    -5.162115282918761e-21    -4.837737520717777e-21    -4.535558698206249e-21    -6.996446209437444e-21    -3.863821083246686e-21    -3.959781256393337e-21    -4.841309234054905e-21    -5.862541247129487e-21    -1.340784045683024e-20    -2.581476416688828e-20    -3.143626560463551e-20    -1.861384494296916e-18     2.679239260960934e-16    -1.673123360394122e-18    -2.572443740918243e-20    -1.838079237552219e-20    -8.555207101395229e-21    -3.473729856870459e-21    -2.599472661606457e-21    -1.597268828215832e-21    -8.750576442808281e-22    -6.695761051127379e-22    -2.930185432448875e-22
     2.445659163702426e-19     1.126650321055602e-19     6.030292460523278e-20     3.677377212728492e-20     2.390244027165595e-20     1.652173351962763e-20     1.090011399244446e-20     6.482691084408488e-21     4.121949849582903e-21    -1.623775372142315e-19     2.760845206997320e-17    -2.056206755019692e-19    -9.412467684220752e-21    -7.541223706743042e-21    -5.928990368942198e-21    -5.094587185124771e-21    -4.548716573678042e-21    -4.156554786871720e-21    -3.863031680459445e-21    -3.628055217156711e-21    -4.996611255146468e-21    -3.654003765735381e-21    -2.462541387751487e-21    -3.060647768407770e-21    -4.356044046379187e-21    -5.371096496175505e-21    -1.183769031537879e-20    -2.239298760877231e-20    -2.781338633536077e-20    -1.673123360394123e-18     2.488375920510989e-16    -1.570174837477314e-18    -2.440861315657355e-20    -1.731481992135877e-20    -8.052525390329999e-21    -3.306530543213881e-21    -2.497481749937287e-21    -1.546071782727387e-21    -8.467422731979354e-22    -6.443774882702088e-22
     2.188817938292662e-19     9.920948517693029e-20     5.176761398049438e-20     3.221300115991965e-20     2.086227915969006e-20     1.437283302050012e-20     1.032039130590144e-20     6.877051211674687e-21     3.966846492136412e-21     2.344528077437496e-21    -1.319137751769828e-19     2.217927136883526e-17    -1.629216936670481e-19    -7.152619249525579e-21    -5.752586171959603e-21    -4.521257110492809e-21    -3.892220251418727e-21    -3.478128796959362e-21    -3.180345040291677e-21    -2.961462364511372e-21    -4.664786701760339e-21    -2.511473678727635e-21    -1.957173201398929e-21    -1.792304107102478e-21    -2.726843593794815e-21    -3.985322144767248e-21    -4.774573176705476e-21    -1.040627692023505e-20    -1.999912304679805e-20    -2.572443740918247e-20    -1.570174837477305e-18     2.379218408918278e-16    -1.492982861743650e-18    -2.334456372091820e-20    -1.649371472815033e-20    -7.746709192615704e-21    -3.215182234121691e-21    -2.448938230651991e-21    -1.514086792449675e-21    -8.270273178090111e-22
     1.936508528969000e-19     8.660300791113081e-20     4.578097995761850e-20     2.817809156647038e-20     1.864375326628732e-20     1.287853042777056e-20     9.220474767999503e-21     6.761470822972197e-21     4.549820849404467e-21     2.491760252303614e-21     1.280459169304717e-21    -1.095672207722767e-19     1.822788850530539e-17    -1.322607896007580e-19    -5.607082103717876e-21    -4.526603018533803e-21    -3.549359740173709e-21    -3.049424394742813e-21    -2.724189274531111e-21    -2.492228864030647e-21    -4.400813414490319e-21    -1.874974025620354e-21    -1.188554096890122e-21    -1.422972957507905e-21    -1.494160575705678e-21    -2.412064865446672e-21    -3.533427199713027e-21    -4.212188301303725e-21    -9.308122776455072e-21    -1.838079237552221e-20    -2.440861315657357e-20    -1.492982861743647e-18     2.269788805629842e-16    -1.421173583603280e-18    -2.215466163957229e-20    -1.580372613211905e-20    -7.502155303463368e-21    -3.146135288060182e-21    -2.395203367481914e-21    -1.477895873151051e-21
     1.731727499685513e-19     7.657949387999836e-20     4.042277586085469e-20     2.524354375651079e-20     1.663953374096540e-20     1.168829065275307e-20     8.439921289625815e-21     6.213829003560983e-21     4.629043909971593e-21     3.098713526493876e-21     1.561818573246874e-21     6.083269592298041e-22    -9.253990853131386e-20     1.526984093970769e-17    -1.097295781660408e-19    -4.530557126760674e-21    -3.659876453863331e-21    -2.853249756340283e-21    -2.441768126854086e-21    -2.181639038940792e-21    -1.489865991811248e-21    -1.491212222772493e-21    -9.217914302759445e-22    -7.179884378286080e-22    -1.099697074226903e-21    -1.267710962066590e-21    -2.125754174274897e-21    -3.114498482874454e-21    -3.771043613700038e-21    -8.555207101395238e-21    -1.731481992135881e-20    -2.334456372091823e-20    -1.421173583603280e-18     2.145355847140677e-16    -1.340756079752983e-18    -2.108549885125789e-20    -1.519239242536021e-20    -7.283890126980652e-21    -3.058040905842903e-21    -2.323251565691782e-21
     1.479076321957645e-19     6.822612857168453e-20     3.618788919646766e-20     2.263686048743885e-20     1.505271598382237e-20     1.059980246057590e-20     7.810431383415853e-21     5.795982605974376e-21     4.350110268683764e-21     3.269569203776244e-21     2.155784380741803e-21     9.649055462581373e-22     2.137015449212046e-22    -7.910857600279160e-20     1.298179927710485e-17    -9.264905297603379e-20    -3.739133876126411e-21    -3.009336068107406e-21    -2.330186210856629e-21    -1.990011251445421e-21     6.148304445770575e-24    -6.353157731695999e-22    -6.339912206484698e-22    -4.793605677866294e-22    -4.647319228658543e-22    -9.284902985873608e-22    -1.106162675536472e-21    -1.869198471390703e-21    -2.796635556052628e-21    -3.473729856870463e-21    -8.052525390329979e-21    -1.649371472815030e-20    -2.215466163957231e-20    -1.340756079752987e-18     2.011803798289926e-16    -1.267245659235211e-18    -2.016414779797121e-20    -1.466183478049780e-20    -7.031998251230272e-21    -2.952108446330140e-21
     1.296098710939923e-19     6.010049683444234e-20     3.256405965929668e-20     2.039935379882622e-20     1.365932012412700e-20     9.739508819025747e-21     7.175636628192567e-21     5.437163832267038e-21     4.128882868758130e-21     3.141947356407693e-21     2.370609227626099e-21     1.532857870705682e-21     5.995464030815831e-22     2.077518560009205e-24    -6.831859858222634e-20     1.116171356748066e-17    -7.923114344046865e-20    -3.115245508419282e-21    -2.500389256010107e-21    -1.926431908366458e-21     2.739964809349323e-22     1.314785047314519e-22    -1.464850413248319e-22    -2.910364947578645e-22    -3.072119054259617e-22    -3.705327810205861e-22    -8.204450200555089e-22    -9.951741336935414e-22    -1.699830056007182e-21    -2.599472661606456e-21    -3.306530543213880e-21    -7.746709192615724e-21    -1.580372613211901e-20    -2.108549885125792e-20    -1.267245659235207e-18     1.917988964068450e-16    -1.220823572254929e-18    -1.960507531667923e-20    -1.426199504087244e-20    -6.835136026049929e-21
     1.151697487107111e-19     5.369870645179471e-20     2.896846714630316e-20     1.850444684819741e-20     1.248246537268328e-20     8.925953603084978e-21     6.654753647378841e-21     5.052216666139230e-21     3.924453736516248e-21     3.034413640017035e-21     2.331745675697955e-21     1.762757845316908e-21     1.119472946286153e-21     3.694606637656081e-22    -1.200513132426253e-22    -5.960933511519673e-20     9.692120483104754e-18    -6.841536803181986e-20    -2.616193826417819e-21    -2.098594218251017e-21     7.042200741360894e-22     3.584704214146311e-22     2.446730346048615e-22     1.646186078328041e-23    -1.785454097086129e-22    -2.469367325304924e-22    -3.424437994110302e-22    -7.555948029053173e-22    -9.194594185861053e-22    -1.597268828215832e-21    -2.497481749937284e-21    -3.215182234121688e-21    -7.502155303463365e-21    -1.519239242536020e-20    -2.016414779797120e-20    -1.220823572254925e-18     1.864613244150815e-16    -1.199818567201979e-18    -1.928429806770865e-20    -1.398047987845919e-20
     1.031337965998737e-19     4.796493211490125e-20     2.612593432402223e-20     1.671790465009399e-20     1.140586684737909e-20     8.214113030960613e-21     6.148506086500966e-21     4.728912250093187e-21     3.687416750511467e-21     2.922003865906831e-21     2.290076600024355e-21     1.765923448947870e-21     1.334611148270565e-21     8.316940985527753e-22     2.116993277247549e-22    -2.083549558493818e-22    -5.255486093738967e-20     8.500190534702612e-18    -5.965964603299647e-20    -2.226652634971156e-21     1.089648415410434e-21     5.648643416676596e-22     3.257459779818139e-22     2.325625114193857e-22     6.068467392366143e-23    -1.578196138437886e-22    -2.424927611934078e-22    -3.265751226876961e-22    -7.076553941853355e-22    -8.750576442808285e-22    -1.546071782727388e-21    -2.448938230651999e-21    -3.146135288060183e-21    -7.283890126980676e-21    -1.466183478049781e-20    -1.960507531667929e-20    -1.199818567201979e-18     1.846091301738891e-16    -1.181466294910620e-18    -1.910511015915515e-20
     9.270021102349471e-20     4.330750551010539e-20     2.369045742494527e-20     1.517392995787889e-20     1.037053156733341e-20     7.548479195825560e-21     5.698272266096433e-21     4.408410875608135e-21     3.485664705837058e-21     2.776877534982011e-21     2.226219869957540e-21     1.753782124180720e-21     1.360223977630145e-21     1.029832103934736e-21     6.224912029839560e-22     9.363828212986603e-23    -2.753440429316036e-22    -4.671230296458939e-20     7.523263192353555e-18    -5.254709370039485e-20     1.537448862374403e-21     6.961130030843212e-22     3.890420591972857e-22     2.714946981702711e-22     1.858256776747637e-22     4.599412211066879e-23    -1.543324440726849e-22    -2.346279825503044e-22    -3.101015272219799e-22    -6.695761051127377e-22    -8.467422731979355e-22    -1.514086792449675e-21    -2.395203367481912e-21    -3.058040905842900e-21    -7.031998251230274e-21    -1.426199504087246e-20    -1.928429806770870e-20    -1.181466294910616e-18     1.829668793689377e-16    -1.170369528207337e-18
     8.293158280919080e-20     3.948597970173017e-20     2.149887257528336e-20     1.381033103925822e-20     9.455452483750520e-21     6.907839291555430e-21     5.274391778114870e-21     4.119609551592476e-21     3.281634908093644e-21     2.642852921618292e-21     2.129116016423498e-21     1.722821866302312e-21     1.369314634587520e-21     1.068930970639932e-21     8.065740621621855e-22     4.659832930051830e-22     7.960450659695070e-24    -3.143010838786350e-22    -4.177655934675137e-20     6.708470951844349e-18     1.651798135775978e-21     7.847577651182023e-22     4.444197990278508e-22     2.684552355540548e-22     1.999623775214340e-22     1.480496905406366e-22     3.074241110014268e-23    -1.484093720096842e-22    -2.194669043535094e-22    -2.930185432448863e-22    -6.443774882702081e-22    -8.270273178090114e-22    -1.477895873151050e-21    -2.323251565691782e-21    -2.952108446330132e-21    -6.835136026049935e-21    -1.398047987845918e-20    -1.910511015915523e-20    -1.170369528207339e-18     1.806335090927755e-16
