# Smooth curve fit to cross-spectrum data.
#        ell          C_l
  0.0000e+00   4.6084e-09
  1.0000e+00   1.1599e-07
  2.0000e+00   4.5097e-07
  3.0000e+00   9.4477e-07
  4.0000e+00   1.4842e-06
  5.0000e+00   1.9902e-06
  6.0000e+00   2.4237e-06
  7.0000e+00   2.7721e-06
  8.0000e+00   3.0374e-06
  9.0000e+00   3.2284e-06
  1.0000e+01   3.3562e-06
  1.1000e+01   3.4318e-06
  1.2000e+01   3.4654e-06
  1.3000e+01   3.4658e-06
  1.4000e+01   3.4402e-06
  1.5000e+01   3.3948e-06
  1.6000e+01   3.3345e-06
  1.7000e+01   3.2632e-06
  1.8000e+01   3.1841e-06
  1.9000e+01   3.0997e-06
  2.0000e+01   3.0120e-06
  2.1000e+01   2.9225e-06
  2.2000e+01   2.8324e-06
  2.3000e+01   2.7427e-06
  2.4000e+01   2.6541e-06
  2.5000e+01   2.5670e-06
  2.6000e+01   2.4818e-06
  2.7000e+01   2.3990e-06
  2.8000e+01   2.3186e-06
  2.9000e+01   2.2407e-06
  3.0000e+01   2.1655e-06
  3.1000e+01   2.0930e-06
  3.2000e+01   2.0232e-06
  3.3000e+01   1.9560e-06
  3.4000e+01   1.8914e-06
  3.5000e+01   1.8294e-06
  3.6000e+01   1.7698e-06
  3.7000e+01   1.7127e-06
  3.8000e+01   1.6578e-06
  3.9000e+01   1.6052e-06
  4.0000e+01   1.5548e-06
  4.1000e+01   1.5064e-06
  4.2000e+01   1.4600e-06
  4.3000e+01   1.4154e-06
  4.4000e+01   1.3727e-06
  4.5000e+01   1.3317e-06
  4.6000e+01   1.2924e-06
  4.7000e+01   1.2547e-06
  4.8000e+01   1.2184e-06
  4.9000e+01   1.1836e-06
  5.0000e+01   1.1502e-06
  5.1000e+01   1.1181e-06
  5.2000e+01   1.0872e-06
  5.3000e+01   1.0576e-06
  5.4000e+01   1.0290e-06
  5.5000e+01   1.0016e-06
  5.6000e+01   9.7520e-07
  5.7000e+01   9.4979e-07
  5.8000e+01   9.2533e-07
  5.9000e+01   9.0178e-07
  6.0000e+01   8.7908e-07
  6.1000e+01   8.5721e-07
  6.2000e+01   8.3613e-07
  6.3000e+01   8.1580e-07
  6.4000e+01   7.9620e-07
  6.5000e+01   7.7728e-07
  6.6000e+01   7.5902e-07
  6.7000e+01   7.4139e-07
  6.8000e+01   7.2436e-07
  6.9000e+01   7.0791e-07
  7.0000e+01   6.9201e-07
  7.1000e+01   6.7665e-07
  7.2000e+01   6.6179e-07
  7.3000e+01   6.4742e-07
  7.4000e+01   6.3352e-07
  7.5000e+01   6.2006e-07
  7.6000e+01   6.0703e-07
  7.7000e+01   5.9442e-07
  7.8000e+01   5.8220e-07
  7.9000e+01   5.7037e-07
  8.0000e+01   5.5889e-07
  8.1000e+01   5.4777e-07
  8.2000e+01   5.3699e-07
  8.3000e+01   5.2653e-07
  8.4000e+01   5.1638e-07
  8.5000e+01   5.0654e-07
  8.6000e+01   4.9698e-07
  8.7000e+01   4.8770e-07
  8.8000e+01   4.7869e-07
  8.9000e+01   4.6994e-07
  9.0000e+01   4.6143e-07
  9.1000e+01   4.5317e-07
  9.2000e+01   4.4513e-07
  9.3000e+01   4.3732e-07
  9.4000e+01   4.2972e-07
  9.5000e+01   4.2233e-07
  9.6000e+01   4.1514e-07
  9.7000e+01   4.0815e-07
  9.8000e+01   4.0134e-07
  9.9000e+01   3.9471e-07
  1.0000e+02   3.8825e-07
  1.0100e+02   3.8196e-07
  1.0200e+02   3.7583e-07
  1.0300e+02   3.6986e-07
  1.0400e+02   3.6405e-07
  1.0500e+02   3.5838e-07
  1.0600e+02   3.5285e-07
  1.0700e+02   3.4746e-07
  1.0800e+02   3.4220e-07
  1.0900e+02   3.3707e-07
  1.1000e+02   3.3206e-07
  1.1100e+02   3.2718e-07
  1.1200e+02   3.2241e-07
  1.1300e+02   3.1776e-07
  1.1400e+02   3.1322e-07
  1.1500e+02   3.0878e-07
  1.1600e+02   3.0445e-07
  1.1700e+02   3.0021e-07
  1.1800e+02   2.9608e-07
  1.1900e+02   2.9204e-07
  1.2000e+02   2.8809e-07
  1.2100e+02   2.8422e-07
  1.2200e+02   2.8045e-07
  1.2300e+02   2.7676e-07
  1.2400e+02   2.7315e-07
  1.2500e+02   2.6962e-07
  1.2600e+02   2.6616e-07
  1.2700e+02   2.6278e-07
  1.2800e+02   2.5947e-07
  1.2900e+02   2.5624e-07
  1.3000e+02   2.5307e-07
  1.3100e+02   2.4997e-07
  1.3200e+02   2.4693e-07
  1.3300e+02   2.4396e-07
  1.3400e+02   2.4104e-07
  1.3500e+02   2.3819e-07
  1.3600e+02   2.3539e-07
  1.3700e+02   2.3266e-07
  1.3800e+02   2.2997e-07
  1.3900e+02   2.2734e-07
  1.4000e+02   2.2477e-07
  1.4100e+02   2.2224e-07
  1.4200e+02   2.1976e-07
  1.4300e+02   2.1733e-07
  1.4400e+02   2.1495e-07
  1.4500e+02   2.1261e-07
  1.4600e+02   2.1032e-07
  1.4700e+02   2.0807e-07
  1.4800e+02   2.0587e-07
  1.4900e+02   2.0371e-07
  1.5000e+02   2.0158e-07
  1.5100e+02   1.9950e-07
  1.5200e+02   1.9745e-07
  1.5300e+02   1.9544e-07
  1.5400e+02   1.9347e-07
  1.5500e+02   1.9154e-07
  1.5600e+02   1.8964e-07
  1.5700e+02   1.8777e-07
  1.5800e+02   1.8594e-07
  1.5900e+02   1.8414e-07
  1.6000e+02   1.8237e-07
  1.6100e+02   1.8063e-07
  1.6200e+02   1.7892e-07
  1.6300e+02   1.7725e-07
  1.6400e+02   1.7560e-07
  1.6500e+02   1.7398e-07
  1.6600e+02   1.7238e-07
  1.6700e+02   1.7082e-07
  1.6800e+02   1.6928e-07
  1.6900e+02   1.6776e-07
  1.7000e+02   1.6628e-07
  1.7100e+02   1.6481e-07
  1.7200e+02   1.6337e-07
  1.7300e+02   1.6196e-07
  1.7400e+02   1.6056e-07
  1.7500e+02   1.5920e-07
  1.7600e+02   1.5785e-07
  1.7700e+02   1.5652e-07
  1.7800e+02   1.5522e-07
  1.7900e+02   1.5393e-07
  1.8000e+02   1.5267e-07
  1.8100e+02   1.5143e-07
  1.8200e+02   1.5020e-07
  1.8300e+02   1.4900e-07
  1.8400e+02   1.4781e-07
  1.8500e+02   1.4664e-07
  1.8600e+02   1.4549e-07
  1.8700e+02   1.4436e-07
  1.8800e+02   1.4325e-07
  1.8900e+02   1.4215e-07
  1.9000e+02   1.4107e-07
  1.9100e+02   1.4000e-07
  1.9200e+02   1.3896e-07
  1.9300e+02   1.3792e-07
  1.9400e+02   1.3690e-07
  1.9500e+02   1.3590e-07
  1.9600e+02   1.3491e-07
  1.9700e+02   1.3394e-07
  1.9800e+02   1.3298e-07
  1.9900e+02   1.3204e-07
  2.0000e+02   1.3110e-07
  2.0100e+02   1.3018e-07
  2.0200e+02   1.2928e-07
  2.0300e+02   1.2839e-07
  2.0400e+02   1.2751e-07
  2.0500e+02   1.2664e-07
  2.0600e+02   1.2578e-07
  2.0700e+02   1.2494e-07
  2.0800e+02   1.2411e-07
  2.0900e+02   1.2329e-07
  2.1000e+02   1.2248e-07
  2.1100e+02   1.2168e-07
  2.1200e+02   1.2090e-07
  2.1300e+02   1.2012e-07
  2.1400e+02   1.1936e-07
  2.1500e+02   1.1860e-07
  2.1600e+02   1.1786e-07
  2.1700e+02   1.1712e-07
  2.1800e+02   1.1640e-07
  2.1900e+02   1.1568e-07
  2.2000e+02   1.1498e-07
  2.2100e+02   1.1428e-07
  2.2200e+02   1.1360e-07
  2.2300e+02   1.1292e-07
  2.2400e+02   1.1225e-07
  2.2500e+02   1.1159e-07
  2.2600e+02   1.1094e-07
  2.2700e+02   1.1029e-07
  2.2800e+02   1.0966e-07
  2.2900e+02   1.0903e-07
  2.3000e+02   1.0841e-07
  2.3100e+02   1.0780e-07
  2.3200e+02   1.0720e-07
  2.3300e+02   1.0660e-07
  2.3400e+02   1.0601e-07
  2.3500e+02   1.0543e-07
  2.3600e+02   1.0486e-07
  2.3700e+02   1.0429e-07
  2.3800e+02   1.0373e-07
  2.3900e+02   1.0318e-07
  2.4000e+02   1.0263e-07
  2.4100e+02   1.0209e-07
  2.4200e+02   1.0156e-07
  2.4300e+02   1.0104e-07
  2.4400e+02   1.0052e-07
  2.4500e+02   1.0000e-07
  2.4600e+02   9.9496e-08
  2.4700e+02   9.8995e-08
  2.4800e+02   9.8500e-08
  2.4900e+02   9.8011e-08
  2.5000e+02   9.7528e-08
  2.5100e+02   9.7051e-08
  2.5200e+02   9.6579e-08
  2.5300e+02   9.6112e-08
  2.5400e+02   9.5652e-08
  2.5500e+02   9.5196e-08
  2.5600e+02   9.4746e-08
  2.5700e+02   9.4301e-08
  2.5800e+02   9.3862e-08
  2.5900e+02   9.3427e-08
  2.6000e+02   9.2997e-08
  2.6100e+02   9.2573e-08
  2.6200e+02   9.2153e-08
  2.6300e+02   9.1738e-08
  2.6400e+02   9.1328e-08
  2.6500e+02   9.0922e-08
  2.6600e+02   9.0521e-08
  2.6700e+02   9.0125e-08
  2.6800e+02   8.9733e-08
  2.6900e+02   8.9345e-08
  2.7000e+02   8.8962e-08
  2.7100e+02   8.8583e-08
  2.7200e+02   8.8208e-08
  2.7300e+02   8.7838e-08
  2.7400e+02   8.7471e-08
  2.7500e+02   8.7109e-08
  2.7600e+02   8.6750e-08
  2.7700e+02   8.6396e-08
  2.7800e+02   8.6045e-08
  2.7900e+02   8.5699e-08
  2.8000e+02   8.5356e-08
  2.8100e+02   8.5016e-08
  2.8200e+02   8.4681e-08
  2.8300e+02   8.4349e-08
  2.8400e+02   8.4021e-08
  2.8500e+02   8.3696e-08
  2.8600e+02   8.3374e-08
  2.8700e+02   8.3056e-08
  2.8800e+02   8.2742e-08
  2.8900e+02   8.2431e-08
  2.9000e+02   8.2123e-08
  2.9100e+02   8.1818e-08
  2.9200e+02   8.1517e-08
  2.9300e+02   8.1219e-08
  2.9400e+02   8.0924e-08
  2.9500e+02   8.0632e-08
  2.9600e+02   8.0343e-08
  2.9700e+02   8.0057e-08
  2.9800e+02   7.9774e-08
  2.9900e+02   7.9495e-08
  3.0000e+02   7.9218e-08
  3.0100e+02   7.8943e-08
  3.0200e+02   7.8672e-08
  3.0300e+02   7.8404e-08
  3.0400e+02   7.8138e-08
  3.0500e+02   7.7875e-08
  3.0600e+02   7.7615e-08
  3.0700e+02   7.7357e-08
  3.0800e+02   7.7102e-08
  3.0900e+02   7.6850e-08
  3.1000e+02   7.6600e-08
  3.1100e+02   7.6353e-08
  3.1200e+02   7.6108e-08
  3.1300e+02   7.5866e-08
  3.1400e+02   7.5626e-08
  3.1500e+02   7.5389e-08
  3.1600e+02   7.5154e-08
  3.1700e+02   7.4921e-08
  3.1800e+02   7.4691e-08
  3.1900e+02   7.4463e-08
  3.2000e+02   7.4237e-08
  3.2100e+02   7.4013e-08
  3.2200e+02   7.3792e-08
  3.2300e+02   7.3573e-08
  3.2400e+02   7.3356e-08
  3.2500e+02   7.3142e-08
  3.2600e+02   7.2929e-08
  3.2700e+02   7.2719e-08
  3.2800e+02   7.2510e-08
  3.2900e+02   7.2304e-08
  3.3000e+02   7.2100e-08
  3.3100e+02   7.1898e-08
  3.3200e+02   7.1697e-08
  3.3300e+02   7.1499e-08
  3.3400e+02   7.1303e-08
  3.3500e+02   7.1108e-08
  3.3600e+02   7.0916e-08
  3.3700e+02   7.0725e-08
  3.3800e+02   7.0536e-08
  3.3900e+02   7.0349e-08
  3.4000e+02   7.0164e-08
  3.4100e+02   6.9981e-08
  3.4200e+02   6.9799e-08
  3.4300e+02   6.9619e-08
  3.4400e+02   6.9441e-08
  3.4500e+02   6.9265e-08
  3.4600e+02   6.9090e-08
  3.4700e+02   6.8917e-08
  3.4800e+02   6.8746e-08
  3.4900e+02   6.8577e-08
  3.5000e+02   6.8409e-08
  3.5100e+02   6.8242e-08
  3.5200e+02   6.8078e-08
  3.5300e+02   6.7914e-08
  3.5400e+02   6.7753e-08
  3.5500e+02   6.7593e-08
  3.5600e+02   6.7434e-08
  3.5700e+02   6.7277e-08
  3.5800e+02   6.7122e-08
  3.5900e+02   6.6968e-08
  3.6000e+02   6.6815e-08
  3.6100e+02   6.6664e-08
  3.6200e+02   6.6514e-08
  3.6300e+02   6.6366e-08
  3.6400e+02   6.6220e-08
  3.6500e+02   6.6074e-08
  3.6600e+02   6.5930e-08
  3.6700e+02   6.5788e-08
  3.6800e+02   6.5646e-08
  3.6900e+02   6.5506e-08
  3.7000e+02   6.5368e-08
  3.7100e+02   6.5231e-08
  3.7200e+02   6.5095e-08
  3.7300e+02   6.4960e-08
  3.7400e+02   6.4827e-08
  3.7500e+02   6.4694e-08
  3.7600e+02   6.4564e-08
  3.7700e+02   6.4434e-08
  3.7800e+02   6.4306e-08
  3.7900e+02   6.4179e-08
  3.8000e+02   6.4053e-08
  3.8100e+02   6.3928e-08
  3.8200e+02   6.3804e-08
  3.8300e+02   6.3682e-08
  3.8400e+02   6.3561e-08
  3.8500e+02   6.3441e-08
  3.8600e+02   6.3322e-08
  3.8700e+02   6.3204e-08
  3.8800e+02   6.3087e-08
  3.8900e+02   6.2972e-08
  3.9000e+02   6.2857e-08
  3.9100e+02   6.2744e-08
  3.9200e+02   6.2632e-08
  3.9300e+02   6.2521e-08
  3.9400e+02   6.2411e-08
  3.9500e+02   6.2301e-08
  3.9600e+02   6.2193e-08
  3.9700e+02   6.2086e-08
  3.9800e+02   6.1981e-08
  3.9900e+02   6.1876e-08
  4.0000e+02   6.1772e-08
  4.0100e+02   6.1669e-08
  4.0200e+02   6.1567e-08
  4.0300e+02   6.1466e-08
  4.0400e+02   6.1366e-08
  4.0500e+02   6.1267e-08
  4.0600e+02   6.1169e-08
  4.0700e+02   6.1072e-08
  4.0800e+02   6.0975e-08
  4.0900e+02   6.0880e-08
  4.1000e+02   6.0786e-08
  4.1100e+02   6.0692e-08
  4.1200e+02   6.0600e-08
  4.1300e+02   6.0508e-08
  4.1400e+02   6.0417e-08
  4.1500e+02   6.0328e-08
  4.1600e+02   6.0239e-08
  4.1700e+02   6.0151e-08
  4.1800e+02   6.0063e-08
  4.1900e+02   5.9977e-08
  4.2000e+02   5.9891e-08
  4.2100e+02   5.9807e-08
  4.2200e+02   5.9723e-08
  4.2300e+02   5.9640e-08
  4.2400e+02   5.9558e-08
  4.2500e+02   5.9476e-08
  4.2600e+02   5.9396e-08
  4.2700e+02   5.9316e-08
  4.2800e+02   5.9237e-08
  4.2900e+02   5.9159e-08
  4.3000e+02   5.9081e-08
  4.3100e+02   5.9005e-08
  4.3200e+02   5.8929e-08
  4.3300e+02   5.8854e-08
  4.3400e+02   5.8779e-08
  4.3500e+02   5.8706e-08
  4.3600e+02   5.8633e-08
  4.3700e+02   5.8561e-08
  4.3800e+02   5.8490e-08
  4.3900e+02   5.8419e-08
  4.4000e+02   5.8349e-08
  4.4100e+02   5.8280e-08
  4.4200e+02   5.8211e-08
  4.4300e+02   5.8144e-08
  4.4400e+02   5.8076e-08
  4.4500e+02   5.8010e-08
  4.4600e+02   5.7944e-08
  4.4700e+02   5.7879e-08
  4.4800e+02   5.7815e-08
  4.4900e+02   5.7751e-08
  4.5000e+02   5.7688e-08
  4.5100e+02   5.7626e-08
  4.5200e+02   5.7564e-08
  4.5300e+02   5.7503e-08
  4.5400e+02   5.7443e-08
  4.5500e+02   5.7383e-08
  4.5600e+02   5.7324e-08
  4.5700e+02   5.7266e-08
  4.5800e+02   5.7208e-08
  4.5900e+02   5.7151e-08
  4.6000e+02   5.7094e-08
  4.6100e+02   5.7039e-08
  4.6200e+02   5.6983e-08
  4.6300e+02   5.6929e-08
  4.6400e+02   5.6874e-08
  4.6500e+02   5.6821e-08
  4.6600e+02   5.6768e-08
  4.6700e+02   5.6716e-08
  4.6800e+02   5.6664e-08
  4.6900e+02   5.6613e-08
  4.7000e+02   5.6562e-08
  4.7100e+02   5.6512e-08
  4.7200e+02   5.6463e-08
  4.7300e+02   5.6414e-08
  4.7400e+02   5.6366e-08
  4.7500e+02   5.6318e-08
  4.7600e+02   5.6271e-08
  4.7700e+02   5.6225e-08
  4.7800e+02   5.6179e-08
  4.7900e+02   5.6133e-08
  4.8000e+02   5.6088e-08
  4.8100e+02   5.6044e-08
  4.8200e+02   5.6000e-08
  4.8300e+02   5.5956e-08
  4.8400e+02   5.5914e-08
  4.8500e+02   5.5871e-08
  4.8600e+02   5.5830e-08
  4.8700e+02   5.5788e-08
  4.8800e+02   5.5748e-08
  4.8900e+02   5.5707e-08
  4.9000e+02   5.5668e-08
  4.9100e+02   5.5629e-08
  4.9200e+02   5.5590e-08
  4.9300e+02   5.5552e-08
  4.9400e+02   5.5514e-08
  4.9500e+02   5.5477e-08
  4.9600e+02   5.5440e-08
  4.9700e+02   5.5404e-08
  4.9800e+02   5.5368e-08
  4.9900e+02   5.5333e-08
  5.0000e+02   5.5298e-08
  5.0100e+02   5.5264e-08
  5.0200e+02   5.5230e-08
  5.0300e+02   5.5196e-08
  5.0400e+02   5.5164e-08
  5.0500e+02   5.5131e-08
  5.0600e+02   5.5099e-08
  5.0700e+02   5.5068e-08
  5.0800e+02   5.5036e-08
  5.0900e+02   5.5006e-08
  5.1000e+02   5.4976e-08
  5.1100e+02   5.4946e-08
  5.1200e+02   5.4917e-08
  5.1300e+02   5.4888e-08
  5.1400e+02   5.4859e-08
  5.1500e+02   5.4832e-08
  5.1600e+02   5.4804e-08
  5.1700e+02   5.4777e-08
  5.1800e+02   5.4750e-08
  5.1900e+02   5.4724e-08
  5.2000e+02   5.4698e-08
  5.2100e+02   5.4673e-08
  5.2200e+02   5.4648e-08
  5.2300e+02   5.4623e-08
  5.2400e+02   5.4599e-08
  5.2500e+02   5.4575e-08
  5.2600e+02   5.4552e-08
  5.2700e+02   5.4529e-08
  5.2800e+02   5.4507e-08
  5.2900e+02   5.4485e-08
  5.3000e+02   5.4463e-08
  5.3100e+02   5.4442e-08
  5.3200e+02   5.4421e-08
  5.3300e+02   5.4400e-08
  5.3400e+02   5.4380e-08
  5.3500e+02   5.4360e-08
  5.3600e+02   5.4341e-08
  5.3700e+02   5.4322e-08
  5.3800e+02   5.4304e-08
  5.3900e+02   5.4285e-08
  5.4000e+02   5.4268e-08
  5.4100e+02   5.4250e-08
  5.4200e+02   5.4233e-08
  5.4300e+02   5.4217e-08
  5.4400e+02   5.4200e-08
  5.4500e+02   5.4184e-08
  5.4600e+02   5.4169e-08
  5.4700e+02   5.4154e-08
  5.4800e+02   5.4139e-08
  5.4900e+02   5.4124e-08
  5.5000e+02   5.4110e-08
  5.5100e+02   5.4097e-08
  5.5200e+02   5.4083e-08
  5.5300e+02   5.4070e-08
  5.5400e+02   5.4058e-08
  5.5500e+02   5.4045e-08
  5.5600e+02   5.4033e-08
  5.5700e+02   5.4022e-08
  5.5800e+02   5.4011e-08
  5.5900e+02   5.4000e-08
  5.6000e+02   5.3989e-08
  5.6100e+02   5.3979e-08
  5.6200e+02   5.3969e-08
  5.6300e+02   5.3959e-08
  5.6400e+02   5.3950e-08
  5.6500e+02   5.3941e-08
  5.6600e+02   5.3933e-08
  5.6700e+02   5.3925e-08
  5.6800e+02   5.3917e-08
  5.6900e+02   5.3909e-08
  5.7000e+02   5.3902e-08
  5.7100e+02   5.3895e-08
  5.7200e+02   5.3889e-08
  5.7300e+02   5.3883e-08
  5.7400e+02   5.3877e-08
  5.7500e+02   5.3871e-08
  5.7600e+02   5.3866e-08
  5.7700e+02   5.3861e-08
  5.7800e+02   5.3856e-08
  5.7900e+02   5.3852e-08
  5.8000e+02   5.3848e-08
  5.8100e+02   5.3845e-08
  5.8200e+02   5.3841e-08
  5.8300e+02   5.3838e-08
  5.8400e+02   5.3835e-08
  5.8500e+02   5.3833e-08
  5.8600e+02   5.3831e-08
  5.8700e+02   5.3829e-08
  5.8800e+02   5.3828e-08
  5.8900e+02   5.3826e-08
  5.9000e+02   5.3826e-08
  5.9100e+02   5.3825e-08
  5.9200e+02   5.3825e-08
  5.9300e+02   5.3825e-08
  5.9400e+02   5.3825e-08
  5.9500e+02   5.3826e-08
  5.9600e+02   5.3827e-08
  5.9700e+02   5.3828e-08
  5.9800e+02   5.3829e-08
  5.9900e+02   5.3831e-08
  6.0000e+02   5.3833e-08
  6.0100e+02   5.3836e-08
  6.0200e+02   5.3838e-08
  6.0300e+02   5.3841e-08
  6.0400e+02   5.3844e-08
  6.0500e+02   5.3848e-08
  6.0600e+02   5.3852e-08
  6.0700e+02   5.3856e-08
  6.0800e+02   5.3860e-08
  6.0900e+02   5.3865e-08
  6.1000e+02   5.3870e-08
  6.1100e+02   5.3875e-08
  6.1200e+02   5.3881e-08
  6.1300e+02   5.3886e-08
  6.1400e+02   5.3892e-08
  6.1500e+02   5.3899e-08
  6.1600e+02   5.3905e-08
  6.1700e+02   5.3912e-08
  6.1800e+02   5.3919e-08
  6.1900e+02   5.3927e-08
  6.2000e+02   5.3934e-08
  6.2100e+02   5.3942e-08
  6.2200e+02   5.3951e-08
  6.2300e+02   5.3959e-08
  6.2400e+02   5.3968e-08
  6.2500e+02   5.3977e-08
  6.2600e+02   5.3986e-08
  6.2700e+02   5.3996e-08
  6.2800e+02   5.4005e-08
  6.2900e+02   5.4016e-08
  6.3000e+02   5.4026e-08
  6.3100e+02   5.4037e-08
  6.3200e+02   5.4047e-08
  6.3300e+02   5.4058e-08
  6.3400e+02   5.4070e-08
  6.3500e+02   5.4082e-08
  6.3600e+02   5.4093e-08
  6.3700e+02   5.4106e-08
  6.3800e+02   5.4118e-08
  6.3900e+02   5.4131e-08
  6.4000e+02   5.4144e-08
  6.4100e+02   5.4157e-08
  6.4200e+02   5.4170e-08
  6.4300e+02   5.4184e-08
  6.4400e+02   5.4198e-08
  6.4500e+02   5.4212e-08
  6.4600e+02   5.4226e-08
  6.4700e+02   5.4241e-08
  6.4800e+02   5.4256e-08
  6.4900e+02   5.4271e-08
  6.5000e+02   5.4287e-08
  6.5100e+02   5.4302e-08
  6.5200e+02   5.4318e-08
  6.5300e+02   5.4334e-08
  6.5400e+02   5.4351e-08
  6.5500e+02   5.4367e-08
  6.5600e+02   5.4384e-08
  6.5700e+02   5.4401e-08
  6.5800e+02   5.4419e-08
  6.5900e+02   5.4436e-08
  6.6000e+02   5.4454e-08
  6.6100e+02   5.4472e-08
  6.6200e+02   5.4490e-08
  6.6300e+02   5.4509e-08
  6.6400e+02   5.4528e-08
  6.6500e+02   5.4547e-08
  6.6600e+02   5.4566e-08
  6.6700e+02   5.4586e-08
  6.6800e+02   5.4605e-08
  6.6900e+02   5.4625e-08
  6.7000e+02   5.4646e-08
  6.7100e+02   5.4666e-08
  6.7200e+02   5.4687e-08
  6.7300e+02   5.4708e-08
  6.7400e+02   5.4729e-08
  6.7500e+02   5.4750e-08
  6.7600e+02   5.4772e-08
  6.7700e+02   5.4794e-08
  6.7800e+02   5.4816e-08
  6.7900e+02   5.4838e-08
  6.8000e+02   5.4860e-08
  6.8100e+02   5.4883e-08
  6.8200e+02   5.4906e-08
  6.8300e+02   5.4929e-08
  6.8400e+02   5.4953e-08
  6.8500e+02   5.4976e-08
  6.8600e+02   5.5000e-08
  6.8700e+02   5.5024e-08
  6.8800e+02   5.5049e-08
  6.8900e+02   5.5073e-08
  6.9000e+02   5.5098e-08
  6.9100e+02   5.5123e-08
  6.9200e+02   5.5148e-08
  6.9300e+02   5.5174e-08
  6.9400e+02   5.5199e-08
  6.9500e+02   5.5225e-08
  6.9600e+02   5.5251e-08
  6.9700e+02   5.5278e-08
  6.9800e+02   5.5304e-08
  6.9900e+02   5.5331e-08
  7.0000e+02   5.5358e-08
  7.0100e+02   5.5385e-08
  7.0200e+02   5.5413e-08
  7.0300e+02   5.5440e-08
  7.0400e+02   5.5468e-08
  7.0500e+02   5.5496e-08
  7.0600e+02   5.5524e-08
  7.0700e+02   5.5553e-08
  7.0800e+02   5.5582e-08
  7.0900e+02   5.5611e-08
  7.1000e+02   5.5640e-08
  7.1100e+02   5.5669e-08
  7.1200e+02   5.5699e-08
  7.1300e+02   5.5728e-08
  7.1400e+02   5.5758e-08
  7.1500e+02   5.5789e-08
  7.1600e+02   5.5819e-08
  7.1700e+02   5.5850e-08
  7.1800e+02   5.5881e-08
  7.1900e+02   5.5912e-08
  7.2000e+02   5.5943e-08
  7.2100e+02   5.5974e-08
  7.2200e+02   5.6006e-08
  7.2300e+02   5.6038e-08
  7.2400e+02   5.6070e-08
  7.2500e+02   5.6103e-08
  7.2600e+02   5.6135e-08
  7.2700e+02   5.6168e-08
  7.2800e+02   5.6201e-08
  7.2900e+02   5.6234e-08
  7.3000e+02   5.6267e-08
  7.3100e+02   5.6301e-08
  7.3200e+02   5.6335e-08
  7.3300e+02   5.6369e-08
  7.3400e+02   5.6403e-08
  7.3500e+02   5.6437e-08
  7.3600e+02   5.6472e-08
  7.3700e+02   5.6507e-08
  7.3800e+02   5.6542e-08
  7.3900e+02   5.6577e-08
  7.4000e+02   5.6612e-08
  7.4100e+02   5.6648e-08
  7.4200e+02   5.6684e-08
  7.4300e+02   5.6720e-08
  7.4400e+02   5.6756e-08
  7.4500e+02   5.6793e-08
  7.4600e+02   5.6829e-08
  7.4700e+02   5.6866e-08
  7.4800e+02   5.6903e-08
  7.4900e+02   5.6941e-08
  7.5000e+02   5.6978e-08
  7.5100e+02   5.7016e-08
  7.5200e+02   5.7054e-08
  7.5300e+02   5.7092e-08
  7.5400e+02   5.7130e-08
  7.5500e+02   5.7168e-08
  7.5600e+02   5.7207e-08
  7.5700e+02   5.7246e-08
  7.5800e+02   5.7285e-08
  7.5900e+02   5.7324e-08
  7.6000e+02   5.7364e-08
  7.6100e+02   5.7404e-08
  7.6200e+02   5.7444e-08
  7.6300e+02   5.7484e-08
  7.6400e+02   5.7524e-08
  7.6500e+02   5.7564e-08
  7.6600e+02   5.7605e-08
  7.6700e+02   5.7646e-08
  7.6800e+02   5.7687e-08
  7.6900e+02   5.7728e-08
  7.7000e+02   5.7770e-08
  7.7100e+02   5.7812e-08
  7.7200e+02   5.7853e-08
  7.7300e+02   5.7895e-08
  7.7400e+02   5.7938e-08
  7.7500e+02   5.7980e-08
  7.7600e+02   5.8023e-08
  7.7700e+02   5.8066e-08
  7.7800e+02   5.8109e-08
  7.7900e+02   5.8152e-08
  7.8000e+02   5.8196e-08
  7.8100e+02   5.8239e-08
  7.8200e+02   5.8283e-08
  7.8300e+02   5.8327e-08
  7.8400e+02   5.8371e-08
  7.8500e+02   5.8416e-08
  7.8600e+02   5.8460e-08
  7.8700e+02   5.8505e-08
  7.8800e+02   5.8550e-08
  7.8900e+02   5.8596e-08
  7.9000e+02   5.8641e-08
  7.9100e+02   5.8687e-08
  7.9200e+02   5.8732e-08
  7.9300e+02   5.8778e-08
  7.9400e+02   5.8825e-08
  7.9500e+02   5.8871e-08
  7.9600e+02   5.8918e-08
  7.9700e+02   5.8964e-08
  7.9800e+02   5.9011e-08
  7.9900e+02   5.9059e-08
  8.0000e+02   5.9106e-08
  8.0100e+02   5.9154e-08
  8.0200e+02   5.9201e-08
  8.0300e+02   5.9249e-08
  8.0400e+02   5.9297e-08
  8.0500e+02   5.9346e-08
  8.0600e+02   5.9394e-08
  8.0700e+02   5.9443e-08
  8.0800e+02   5.9492e-08
  8.0900e+02   5.9541e-08
  8.1000e+02   5.9590e-08
  8.1100e+02   5.9640e-08
  8.1200e+02   5.9690e-08
  8.1300e+02   5.9739e-08
  8.1400e+02   5.9789e-08
  8.1500e+02   5.9840e-08
  8.1600e+02   5.9890e-08
  8.1700e+02   5.9941e-08
  8.1800e+02   5.9992e-08
  8.1900e+02   6.0043e-08
  8.2000e+02   6.0094e-08
  8.2100e+02   6.0145e-08
  8.2200e+02   6.0197e-08
  8.2300e+02   6.0249e-08
  8.2400e+02   6.0301e-08
  8.2500e+02   6.0353e-08
  8.2600e+02   6.0406e-08
  8.2700e+02   6.0458e-08
  8.2800e+02   6.0511e-08
  8.2900e+02   6.0564e-08
  8.3000e+02   6.0617e-08
  8.3100e+02   6.0670e-08
  8.3200e+02   6.0724e-08
  8.3300e+02   6.0778e-08
  8.3400e+02   6.0832e-08
  8.3500e+02   6.0886e-08
  8.3600e+02   6.0940e-08
  8.3700e+02   6.0995e-08
  8.3800e+02   6.1049e-08
  8.3900e+02   6.1104e-08
  8.4000e+02   6.1159e-08
  8.4100e+02   6.1214e-08
  8.4200e+02   6.1270e-08
  8.4300e+02   6.1326e-08
  8.4400e+02   6.1381e-08
  8.4500e+02   6.1437e-08
  8.4600e+02   6.1494e-08
  8.4700e+02   6.1550e-08
  8.4800e+02   6.1607e-08
  8.4900e+02   6.1664e-08
  8.5000e+02   6.1721e-08
  8.5100e+02   6.1778e-08
  8.5200e+02   6.1835e-08
  8.5300e+02   6.1893e-08
  8.5400e+02   6.1950e-08
  8.5500e+02   6.2008e-08
  8.5600e+02   6.2067e-08
  8.5700e+02   6.2125e-08
  8.5800e+02   6.2183e-08
  8.5900e+02   6.2242e-08
  8.6000e+02   6.2301e-08
  8.6100e+02   6.2360e-08
  8.6200e+02   6.2420e-08
  8.6300e+02   6.2479e-08
  8.6400e+02   6.2539e-08
  8.6500e+02   6.2599e-08
  8.6600e+02   6.2659e-08
  8.6700e+02   6.2719e-08
  8.6800e+02   6.2779e-08
  8.6900e+02   6.2840e-08
  8.7000e+02   6.2901e-08
  8.7100e+02   6.2962e-08
  8.7200e+02   6.3023e-08
  8.7300e+02   6.3085e-08
  8.7400e+02   6.3146e-08
  8.7500e+02   6.3208e-08
  8.7600e+02   6.3270e-08
  8.7700e+02   6.3332e-08
  8.7800e+02   6.3394e-08
  8.7900e+02   6.3457e-08
  8.8000e+02   6.3520e-08
  8.8100e+02   6.3583e-08
  8.8200e+02   6.3646e-08
  8.8300e+02   6.3709e-08
  8.8400e+02   6.3773e-08
  8.8500e+02   6.3836e-08
  8.8600e+02   6.3900e-08
  8.8700e+02   6.3964e-08
  8.8800e+02   6.4029e-08
  8.8900e+02   6.4093e-08
  8.9000e+02   6.4158e-08
  8.9100e+02   6.4223e-08
  8.9200e+02   6.4288e-08
  8.9300e+02   6.4353e-08
  8.9400e+02   6.4419e-08
  8.9500e+02   6.4484e-08
  8.9600e+02   6.4550e-08
  8.9700e+02   6.4616e-08
  8.9800e+02   6.4682e-08
  8.9900e+02   6.4749e-08
  9.0000e+02   6.4815e-08
  9.0100e+02   6.4882e-08
  9.0200e+02   6.4949e-08
  9.0300e+02   6.5016e-08
  9.0400e+02   6.5084e-08
  9.0500e+02   6.5151e-08
  9.0600e+02   6.5219e-08
  9.0700e+02   6.5287e-08
  9.0800e+02   6.5355e-08
  9.0900e+02   6.5424e-08
  9.1000e+02   6.5492e-08
  9.1100e+02   6.5561e-08
  9.1200e+02   6.5630e-08
  9.1300e+02   6.5699e-08
  9.1400e+02   6.5768e-08
  9.1500e+02   6.5838e-08
  9.1600e+02   6.5908e-08
  9.1700e+02   6.5978e-08
  9.1800e+02   6.6048e-08
  9.1900e+02   6.6118e-08
  9.2000e+02   6.6189e-08
  9.2100e+02   6.6259e-08
  9.2200e+02   6.6330e-08
  9.2300e+02   6.6401e-08
  9.2400e+02   6.6473e-08
  9.2500e+02   6.6544e-08
  9.2600e+02   6.6616e-08
  9.2700e+02   6.6688e-08
  9.2800e+02   6.6760e-08
  9.2900e+02   6.6832e-08
  9.3000e+02   6.6904e-08
  9.3100e+02   6.6977e-08
  9.3200e+02   6.7050e-08
  9.3300e+02   6.7123e-08
  9.3400e+02   6.7196e-08
  9.3500e+02   6.7270e-08
  9.3600e+02   6.7343e-08
  9.3700e+02   6.7417e-08
  9.3800e+02   6.7491e-08
  9.3900e+02   6.7565e-08
  9.4000e+02   6.7640e-08
  9.4100e+02   6.7714e-08
  9.4200e+02   6.7789e-08
  9.4300e+02   6.7864e-08
  9.4400e+02   6.7940e-08
  9.4500e+02   6.8015e-08
  9.4600e+02   6.8091e-08
  9.4700e+02   6.8166e-08
  9.4800e+02   6.8242e-08
  9.4900e+02   6.8319e-08
  9.5000e+02   6.8395e-08
  9.5100e+02   6.8472e-08
  9.5200e+02   6.8549e-08
  9.5300e+02   6.8626e-08
  9.5400e+02   6.8703e-08
  9.5500e+02   6.8780e-08
  9.5600e+02   6.8858e-08
  9.5700e+02   6.8936e-08
  9.5800e+02   6.9014e-08
  9.5900e+02   6.9092e-08
  9.6000e+02   6.9170e-08
  9.6100e+02   6.9249e-08
  9.6200e+02   6.9328e-08
  9.6300e+02   6.9407e-08
  9.6400e+02   6.9486e-08
  9.6500e+02   6.9565e-08
  9.6600e+02   6.9645e-08
  9.6700e+02   6.9725e-08
  9.6800e+02   6.9805e-08
  9.6900e+02   6.9885e-08
  9.7000e+02   6.9965e-08
  9.7100e+02   7.0046e-08
  9.7200e+02   7.0127e-08
  9.7300e+02   7.0208e-08
  9.7400e+02   7.0289e-08
  9.7500e+02   7.0371e-08
  9.7600e+02   7.0452e-08
  9.7700e+02   7.0534e-08
  9.7800e+02   7.0616e-08
  9.7900e+02   7.0698e-08
  9.8000e+02   7.0781e-08
  9.8100e+02   7.0864e-08
  9.8200e+02   7.0946e-08
  9.8300e+02   7.1030e-08
  9.8400e+02   7.1113e-08
  9.8500e+02   7.1196e-08
  9.8600e+02   7.1280e-08
  9.8700e+02   7.1364e-08
  9.8800e+02   7.1448e-08
  9.8900e+02   7.1532e-08
  9.9000e+02   7.1617e-08
  9.9100e+02   7.1701e-08
  9.9200e+02   7.1786e-08
  9.9300e+02   7.1871e-08
  9.9400e+02   7.1957e-08
  9.9500e+02   7.2042e-08
  9.9600e+02   7.2128e-08
  9.9700e+02   7.2214e-08
  9.9800e+02   7.2300e-08
  9.9900e+02   7.2387e-08
  1.0000e+03   7.2473e-08
  1.0010e+03   7.2560e-08
  1.0020e+03   7.2647e-08
  1.0030e+03   7.2734e-08
  1.0040e+03   7.2821e-08
  1.0050e+03   7.2909e-08
  1.0060e+03   7.2997e-08
  1.0070e+03   7.3085e-08
  1.0080e+03   7.3173e-08
  1.0090e+03   7.3262e-08
  1.0100e+03   7.3350e-08
  1.0110e+03   7.3439e-08
  1.0120e+03   7.3528e-08
  1.0130e+03   7.3617e-08
  1.0140e+03   7.3707e-08
  1.0150e+03   7.3797e-08
  1.0160e+03   7.3887e-08
  1.0170e+03   7.3977e-08
  1.0180e+03   7.4067e-08
  1.0190e+03   7.4158e-08
  1.0200e+03   7.4248e-08
  1.0210e+03   7.4339e-08
  1.0220e+03   7.4430e-08
  1.0230e+03   7.4522e-08
  1.0240e+03   7.4613e-08
  1.0250e+03   7.4705e-08
  1.0260e+03   7.4797e-08
  1.0270e+03   7.4890e-08
  1.0280e+03   7.4982e-08
  1.0290e+03   7.5075e-08
  1.0300e+03   7.5168e-08
  1.0310e+03   7.5261e-08
  1.0320e+03   7.5354e-08
  1.0330e+03   7.5447e-08
  1.0340e+03   7.5541e-08
  1.0350e+03   7.5635e-08
  1.0360e+03   7.5729e-08
  1.0370e+03   7.5824e-08
  1.0380e+03   7.5918e-08
  1.0390e+03   7.6013e-08
  1.0400e+03   7.6108e-08
  1.0410e+03   7.6203e-08
  1.0420e+03   7.6299e-08
  1.0430e+03   7.6395e-08
  1.0440e+03   7.6490e-08
  1.0450e+03   7.6587e-08
  1.0460e+03   7.6683e-08
  1.0470e+03   7.6779e-08
  1.0480e+03   7.6876e-08
  1.0490e+03   7.6973e-08
  1.0500e+03   7.7070e-08
  1.0510e+03   7.7168e-08
  1.0520e+03   7.7265e-08
  1.0530e+03   7.7363e-08
  1.0540e+03   7.7461e-08
  1.0550e+03   7.7560e-08
  1.0560e+03   7.7658e-08
  1.0570e+03   7.7757e-08
  1.0580e+03   7.7856e-08
  1.0590e+03   7.7955e-08
  1.0600e+03   7.8055e-08
  1.0610e+03   7.8154e-08
  1.0620e+03   7.8254e-08
  1.0630e+03   7.8354e-08
  1.0640e+03   7.8454e-08
  1.0650e+03   7.8555e-08
  1.0660e+03   7.8656e-08
  1.0670e+03   7.8757e-08
  1.0680e+03   7.8858e-08
  1.0690e+03   7.8959e-08
  1.0700e+03   7.9061e-08
  1.0710e+03   7.9163e-08
  1.0720e+03   7.9265e-08
  1.0730e+03   7.9367e-08
  1.0740e+03   7.9469e-08
  1.0750e+03   7.9572e-08
  1.0760e+03   7.9675e-08
  1.0770e+03   7.9778e-08
  1.0780e+03   7.9882e-08
  1.0790e+03   7.9985e-08
  1.0800e+03   8.0089e-08
  1.0810e+03   8.0193e-08
  1.0820e+03   8.0298e-08
  1.0830e+03   8.0402e-08
  1.0840e+03   8.0507e-08
  1.0850e+03   8.0612e-08
  1.0860e+03   8.0717e-08
  1.0870e+03   8.0823e-08
  1.0880e+03   8.0928e-08
  1.0890e+03   8.1034e-08
  1.0900e+03   8.1141e-08
  1.0910e+03   8.1247e-08
  1.0920e+03   8.1354e-08
  1.0930e+03   8.1460e-08
  1.0940e+03   8.1567e-08
  1.0950e+03   8.1675e-08
  1.0960e+03   8.1782e-08
  1.0970e+03   8.1890e-08
  1.0980e+03   8.1998e-08
  1.0990e+03   8.2106e-08
  1.1000e+03   8.2215e-08
  1.1010e+03   8.2323e-08
  1.1020e+03   8.2432e-08
  1.1030e+03   8.2541e-08
  1.1040e+03   8.2651e-08
  1.1050e+03   8.2760e-08
  1.1060e+03   8.2870e-08
  1.1070e+03   8.2980e-08
  1.1080e+03   8.3091e-08
  1.1090e+03   8.3201e-08
  1.1100e+03   8.3312e-08
  1.1110e+03   8.3423e-08
  1.1120e+03   8.3534e-08
  1.1130e+03   8.3646e-08
  1.1140e+03   8.3758e-08
  1.1150e+03   8.3869e-08
  1.1160e+03   8.3982e-08
  1.1170e+03   8.4094e-08
  1.1180e+03   8.4207e-08
  1.1190e+03   8.4320e-08
  1.1200e+03   8.4433e-08
  1.1210e+03   8.4546e-08
  1.1220e+03   8.4660e-08
  1.1230e+03   8.4774e-08
  1.1240e+03   8.4888e-08
  1.1250e+03   8.5002e-08
  1.1260e+03   8.5117e-08
  1.1270e+03   8.5232e-08
  1.1280e+03   8.5347e-08
  1.1290e+03   8.5462e-08
  1.1300e+03   8.5578e-08
  1.1310e+03   8.5693e-08
  1.1320e+03   8.5809e-08
  1.1330e+03   8.5926e-08
  1.1340e+03   8.6042e-08
  1.1350e+03   8.6159e-08
  1.1360e+03   8.6276e-08
  1.1370e+03   8.6393e-08
  1.1380e+03   8.6511e-08
  1.1390e+03   8.6628e-08
  1.1400e+03   8.6746e-08
  1.1410e+03   8.6865e-08
  1.1420e+03   8.6983e-08
  1.1430e+03   8.7102e-08
  1.1440e+03   8.7221e-08
  1.1450e+03   8.7340e-08
  1.1460e+03   8.7459e-08
  1.1470e+03   8.7579e-08
  1.1480e+03   8.7699e-08
  1.1490e+03   8.7819e-08
  1.1500e+03   8.7940e-08
  1.1510e+03   8.8060e-08
  1.1520e+03   8.8181e-08
  1.1530e+03   8.8302e-08
  1.1540e+03   8.8424e-08
  1.1550e+03   8.8545e-08
  1.1560e+03   8.8667e-08
  1.1570e+03   8.8790e-08
  1.1580e+03   8.8912e-08
  1.1590e+03   8.9035e-08
  1.1600e+03   8.9158e-08
  1.1610e+03   8.9281e-08
  1.1620e+03   8.9404e-08
  1.1630e+03   8.9528e-08
  1.1640e+03   8.9652e-08
  1.1650e+03   8.9776e-08
  1.1660e+03   8.9900e-08
  1.1670e+03   9.0025e-08
  1.1680e+03   9.0150e-08
  1.1690e+03   9.0275e-08
  1.1700e+03   9.0401e-08
  1.1710e+03   9.0527e-08
  1.1720e+03   9.0652e-08
  1.1730e+03   9.0779e-08
  1.1740e+03   9.0905e-08
  1.1750e+03   9.1032e-08
  1.1760e+03   9.1159e-08
  1.1770e+03   9.1286e-08
  1.1780e+03   9.1414e-08
  1.1790e+03   9.1541e-08
  1.1800e+03   9.1669e-08
  1.1810e+03   9.1798e-08
  1.1820e+03   9.1926e-08
  1.1830e+03   9.2055e-08
  1.1840e+03   9.2184e-08
  1.1850e+03   9.2313e-08
  1.1860e+03   9.2443e-08
  1.1870e+03   9.2573e-08
  1.1880e+03   9.2703e-08
  1.1890e+03   9.2833e-08
  1.1900e+03   9.2964e-08
  1.1910e+03   9.3095e-08
  1.1920e+03   9.3226e-08
  1.1930e+03   9.3357e-08
  1.1940e+03   9.3489e-08
  1.1950e+03   9.3621e-08
  1.1960e+03   9.3753e-08
  1.1970e+03   9.3886e-08
  1.1980e+03   9.4018e-08
  1.1990e+03   9.4151e-08
  1.2000e+03   9.4285e-08
  1.2010e+03   9.4418e-08
  1.2020e+03   9.4552e-08
  1.2030e+03   9.4686e-08
  1.2040e+03   9.4820e-08
  1.2050e+03   9.4955e-08
  1.2060e+03   9.5090e-08
  1.2070e+03   9.5225e-08
  1.2080e+03   9.5360e-08
  1.2090e+03   9.5496e-08
  1.2100e+03   9.5632e-08
  1.2110e+03   9.5768e-08
  1.2120e+03   9.5905e-08
  1.2130e+03   9.6041e-08
  1.2140e+03   9.6178e-08
  1.2150e+03   9.6316e-08
  1.2160e+03   9.6453e-08
  1.2170e+03   9.6591e-08
  1.2180e+03   9.6729e-08
  1.2190e+03   9.6868e-08
  1.2200e+03   9.7006e-08
  1.2210e+03   9.7145e-08
  1.2220e+03   9.7284e-08
  1.2230e+03   9.7424e-08
  1.2240e+03   9.7564e-08
  1.2250e+03   9.7704e-08
  1.2260e+03   9.7844e-08
  1.2270e+03   9.7985e-08
  1.2280e+03   9.8125e-08
  1.2290e+03   9.8267e-08
  1.2300e+03   9.8408e-08
  1.2310e+03   9.8550e-08
  1.2320e+03   9.8692e-08
  1.2330e+03   9.8834e-08
  1.2340e+03   9.8976e-08
  1.2350e+03   9.9119e-08
  1.2360e+03   9.9262e-08
  1.2370e+03   9.9406e-08
  1.2380e+03   9.9549e-08
  1.2390e+03   9.9693e-08
  1.2400e+03   9.9837e-08
  1.2410e+03   9.9982e-08
  1.2420e+03   1.0013e-07
  1.2430e+03   1.0027e-07
  1.2440e+03   1.0042e-07
  1.2450e+03   1.0056e-07
  1.2460e+03   1.0071e-07
  1.2470e+03   1.0085e-07
  1.2480e+03   1.0100e-07
  1.2490e+03   1.0115e-07
  1.2500e+03   1.0130e-07
