# Galaxy-kappa 2x2pt covariance.
# Using NaMaster Gaussian covariance.
# Using 20 ell bins for both gg and kg.
# with stacked data vector [Cgg,Ckg].
     1.041469644575000e-11    -1.810579916612729e-14    -6.955470299794494e-16    -4.229920466279858e-16    -2.557013602396002e-16    -1.759839991034069e-16    -1.302951549138868e-16    -1.025906642579573e-16    -8.490655210345282e-17    -7.233057959173861e-17    -6.292752790489162e-17    -5.627645135675960e-17    -5.085412939263573e-17    -4.612356362377692e-17    -4.177360542485979e-17    -3.805536222186062e-17    -3.497975258322759e-17    -3.216856806326477e-17    -2.960700581535945e-17    -2.729782501431547e-17     2.666627850806814e-14    -7.970714271958239e-17     3.689204416921098e-18     1.016597253886729e-18     6.633063109388212e-19     4.653709493764972e-19     3.051680137083784e-19     2.287712077035396e-19     1.954541859893540e-19     1.594614818731209e-19     1.392798617113971e-19     1.224084835743555e-19     1.070055348507178e-19     9.472873626568675e-20     8.057312920822524e-20     7.024561609038852e-20     6.214423466471395e-20     5.540564603167322e-20     4.965313358133681e-20     4.437933168095612e-20
    -1.810579916612731e-14     1.770347546244914e-13    -3.029987306511172e-15    -1.509948307664275e-16    -9.024518253926927e-17    -5.757026001672354e-17    -4.144144240977082e-17    -3.194863549858549e-17    -2.591877894536684e-17    -2.191198123471359e-17    -1.918430581409889e-17    -1.694364573644860e-17    -1.518791833942674e-17    -1.381380470092781e-17    -1.258156210816999e-17    -1.147571165758959e-17    -1.053230977035118e-17    -9.662850958263986e-18    -8.911052377582977e-18    -8.271543674809610e-18    -3.768087640049141e-16     4.164969870549346e-15    -8.724486968554459e-18     8.785228923965544e-19     3.871125692830115e-19     2.531078034078309e-19     1.883289489909865e-19     1.342098583961483e-19     1.050146210146633e-19     8.776550233620552e-20     7.344206186450953e-20     6.393848394675895e-20     5.526081104931767e-20     4.844737619517055e-20     4.285536761960522e-20     3.749192500561039e-20     3.331964248569714e-20     2.961806321192783e-20     2.664201285920522e-20     2.423263860271727e-20
    -6.955470299794504e-16    -3.029987306511175e-15     6.252294863590293e-14    -1.107587701949971e-15    -6.181040239502531e-17    -3.760659743432573e-17    -2.469683961325123e-17    -1.816473500822820e-17    -1.430539345986520e-17    -1.186255474235451e-17    -1.017115937994398e-17    -8.939576752514003e-18    -7.956633456748469e-18    -7.164399566748325e-18    -6.543663662898157e-18    -5.992090854033721e-18    -5.463351444368044e-18    -5.026131461193006e-18    -4.642705238274952e-18    -4.282361068219888e-18    -1.494992402887354e-17    -4.654657740448776e-17     1.369941484826966e-15    -3.025917191577528e-18     3.347018327891691e-19     1.684608793087071e-19     1.199165186775036e-19     9.433991735728942e-20     7.051337886587831e-20     5.769942089102813e-20     4.903429072663920e-20     4.150781078627357e-20     3.636054281212656e-20     3.175438071286478e-20     2.817798888664141e-20     2.517801430879805e-20     2.220692399388634e-20     1.990066454835490e-20     1.794679942084491e-20     1.622663191567159e-20
    -4.229920466279860e-16    -1.509948307664279e-16    -1.107587701949966e-15     2.347476910903390e-14    -4.414847558795661e-16    -2.572438843087573e-17    -1.560505022959527e-17    -1.032657852274209e-17    -7.694922239344707e-18    -6.108981835078986e-18    -5.085282146224983e-18    -4.382953258422742e-18    -3.863812337295175e-18    -3.452301008113638e-18    -3.121834409595543e-18    -2.847760268070876e-18    -2.611594155983901e-18    -2.394326494464146e-18    -2.202661852197426e-18    -2.030864100587889e-18    -1.016646352743988e-17    -2.915893306758887e-18    -1.589634948690982e-17     4.699842157848982e-16    -1.379906837905413e-18     1.098915391798292e-19     6.701988056655164e-20     5.235756085918252e-20     4.320014929845704e-20     3.431487890960879e-20     2.875531341017672e-20     2.490125786333490e-20     2.151807038947593e-20     1.909811742346910e-20     1.696972544100563e-20     1.517456349118014e-20     1.367795256433926e-20     1.227139898025517e-20     1.108269650234343e-20     1.004732783136009e-20
    -2.557013602396003e-16    -9.024518253926938e-17    -6.181040239502527e-17    -4.414847558795664e-16     1.282592607693654e-14    -2.389758364760434e-16    -1.516439726528659e-17    -9.334584573137590e-18    -6.257530462898455e-18    -4.699289213345231e-18    -3.757298330499624e-18    -3.141610011820217e-18    -2.718733909682698e-18    -2.406133028033901e-18    -2.148998915672757e-18    -1.946087802453607e-18    -1.782263141700499e-18    -1.633932968466515e-18    -1.495867457178781e-18    -1.373287158568347e-18    -6.364489507238385e-18    -1.915519386815872e-18    -9.579868652112755e-19    -4.649432724073566e-18     2.360116665772335e-16    -5.911492779899070e-19     5.760926726453097e-20     3.643013322656275e-20     2.988588725773109e-20     2.534519396723199e-20     2.075770632518563e-20     1.776782418510549e-20     1.564085074502899e-20     1.375769692400025e-20     1.230730129185230e-20     1.104878011809906e-20     1.000472470635576e-20     9.073297419485172e-21     8.188621147123820e-21     7.427088488081956e-21
    -1.759839991034069e-16    -5.757026001672360e-17    -3.760659743432578e-17    -2.572438843087567e-17    -2.389758364760430e-16     7.329336224423940e-15    -1.448158513548159e-16    -9.375864031850107e-18    -5.793833116555982e-18    -3.917266822156641e-18    -2.950703527048742e-18    -2.366319606253897e-18    -1.984081916983064e-18    -1.715246558634184e-18    -1.518522168357472e-18    -1.359975445575508e-18    -1.230493273108399e-18    -1.124380340006480e-18    -1.028216314770962e-18    -9.407360913501902e-19    -4.476861555770273e-18    -1.326703594306130e-18    -6.899964778555176e-19    -3.005887890898653e-19    -2.200453881822500e-18     1.236067115804507e-16    -4.240887070321077e-19     2.540347179289139e-20     1.832798590125147e-20     1.609305467183869e-20     1.422853053499011e-20     1.208500958788042e-20     1.062974957461613e-20     9.508800961397692e-21     8.507295403514963e-21     7.730635711688661e-21     7.013175430426109e-21     6.398814812113014e-21     5.839459695188639e-21     5.309502447765032e-21
    -1.302951549138869e-16    -4.144144240977081e-17    -2.469683961325127e-17    -1.560505022959525e-17    -1.516439726528655e-17    -1.448158513548162e-16     4.786031215185801e-15    -9.547735986366669e-17    -6.475735332343975e-18    -4.050479514982093e-18    -2.759438989645404e-18    -2.092283013729515e-18    -1.681533137844510e-18    -1.412883290340040e-18    -1.225621864643252e-18    -1.084955424786708e-18    -9.703394342625141e-19    -8.763208385058431e-19    -8.002286546265062e-19    -7.319861636902616e-19    -3.345789512436133e-18    -9.967613824607325e-19    -4.956092758462450e-19    -2.225694084103528e-19    -1.470148166674702e-19    -1.135912895179840e-18     7.360852795028978e-17    -2.576756017601041e-19     1.353604003228152e-20     1.022896529332204e-20     9.529476875064146e-21     8.726457491777224e-21     7.606136862712942e-21     6.831093600646154e-21     6.226220341041570e-21     5.643509752141892e-21     5.174324061492469e-21     4.733018747642572e-21     4.350570904951470e-21     4.000312205520575e-21
    -1.025906642579572e-16    -3.194863549858551e-17    -1.816473500822823e-17    -1.032657852274211e-17    -9.334584573137578e-18    -9.375864031850113e-18    -9.547735986366669e-17     3.421009853255665e-15    -6.975937173058226e-17    -4.847483351582559e-18    -3.061677865415493e-18    -2.102615355214479e-18    -1.603217789533050e-18    -1.295297283195194e-18    -1.090701605769246e-18    -9.462484958303785e-19    -8.369465259552453e-19    -7.486384371782075e-19    -6.766049062015421e-19    -6.182056508580305e-19    -2.649349624330851e-18    -7.847005617248312e-19    -3.838618507543371e-19    -1.654479793904292e-19    -1.085907652559247e-19    -6.781254858930671e-20    -6.108842494536413e-19     4.853706164619127e-17    -1.855550546482808e-19     7.736326937256312e-21     6.215413639545810e-21     6.076045718460241e-21     5.729612474439574e-21     5.123897598299689e-21     4.679216058679073e-21     4.316060661700716e-21     3.952700781204447e-21     3.655479163556121e-21     3.373198548582096e-21     3.125544090129026e-21
    -8.490655210345286e-17    -2.591877894536686e-17    -1.430539345986521e-17    -7.694922239344701e-18    -6.257530462898445e-18    -5.793833116555985e-18    -6.475735332343987e-18    -6.975937173058213e-17     2.539367169304867e-15    -5.275716494533684e-17    -3.748477886442834e-18    -2.388410170413683e-18    -1.653823032351848e-18    -1.266598359813855e-18    -1.025765489411448e-18    -8.642807490259799e-19    -7.504157842344518e-19    -6.644837525761733e-19    -5.949489644278903e-19    -5.385580472255391e-19    -2.201478297771479e-18    -6.467369477130642e-19    -3.123077452542293e-19    -1.342735704113432e-19    -8.341204108260639e-20    -5.305110050294686e-20    -3.756192914903609e-20    -4.031373625157390e-19     3.319805512387590e-17    -1.381267473918270e-19     4.189349818940381e-21     3.675042411161618e-21     3.853611270155911e-21     3.765282964771186e-21     3.446943467892318e-21     3.204673640346087e-21     2.996611218307245e-21     2.778512271876385e-21     2.596986986070829e-21     2.421386660052688e-21
    -7.233057959173864e-17    -2.191198123471359e-17    -1.186255474235451e-17    -6.108981835078979e-18    -4.699289213345248e-18    -3.917266822156649e-18    -4.050479514982102e-18    -4.847483351582544e-18    -5.275716494533674e-17     1.999303373257420e-15    -4.197600829716702e-17    -3.041158769296436e-18    -1.953956335613610e-18    -1.361254578637798e-18    -1.046756407971974e-18    -8.501701988453143e-19    -7.181500936297381e-19    -6.248478602535108e-19    -5.546226575945750e-19    -4.963250003755531e-19    -1.879772525726321e-18    -5.519913220224219e-19    -2.645318924053238e-19    -1.119970779880408e-19    -6.831225261550263e-20    -4.108875978944031e-20    -2.906803564311485e-20    -2.294253994817478e-20    -2.635218550999426e-19     2.424829782182544e-17    -1.051759477664195e-19     2.530637580418254e-21     2.346956659395979e-21     2.607919790105337e-21     2.620940342488217e-21     2.446623434252212e-21     2.310796668493286e-21     2.188266790830191e-21     2.051790883230598e-21     1.930254366934981e-21
    -6.292752790489159e-17    -1.918430581409889e-17    -1.017115937994396e-17    -5.085282146224987e-18    -3.757298330499623e-18    -2.950703527048741e-18    -2.759438989645407e-18    -3.061677865415489e-18    -3.748477886442847e-18    -4.197600829716700e-17     1.619007784366092e-15    -3.440591504163160e-17    -2.527104819728454e-18    -1.633679083803680e-18    -1.144545043923767e-18    -8.836508197517994e-19    -7.199388506192447e-19    -6.100870592559929e-19    -5.311194552920247e-19    -4.712913605280827e-19    -1.637650316533869e-18    -4.862187867890194e-19    -2.304083581623893e-19    -9.671406887744663e-20    -5.796214633384386e-20    -3.432734124503421e-20    -2.291594631501563e-20    -1.812450610302174e-20    -1.434936078464968e-20    -1.880367051554723e-19     1.832383594098813e-17    -8.363462027360488e-20     1.470872158781077e-21     1.494156593845918e-21     1.783687732499524e-21     1.855331755093626e-21     1.769656636392601e-21     1.699815332979796e-21     1.625352704093414e-21     1.533868644843870e-21
    -5.627645135675955e-17    -1.694364573644862e-17    -8.939576752513996e-18    -4.382953258422740e-18    -3.141610011820217e-18    -2.366319606253895e-18    -2.092283013729514e-18    -2.102615355214477e-18    -2.388410170413693e-18    -3.041158769296434e-18    -3.440591504163153e-17     1.348834808944987e-15    -2.890624363114688e-17    -2.147623190969214e-18    -1.396920838383839e-18    -9.834038893816788e-19    -7.624581609151479e-19    -6.224337982454196e-19    -5.279993039161441e-19    -4.602773026472894e-19    -1.465880801881105e-18    -4.317167575551245e-19    -2.046670393031285e-19    -8.564569093890647e-20    -5.066204746952192e-20    -2.956518208053263e-20    -1.940142719957583e-20    -1.434163164487745e-20    -1.144390237534312e-20    -9.836003947431010e-21    -1.396121608986505e-19     1.430089882084718e-17    -6.771874289416801e-20     8.492886633909844e-22     9.605954761928640e-22     1.252572180343782e-21     1.350545336905667e-21     1.311196630996326e-21     1.273128478417719e-21     1.229022588535517e-21
    -5.085412939263573e-17    -1.518791833942675e-17    -7.956633456748468e-18    -3.863812337295172e-18    -2.718733909682698e-18    -1.984081916983065e-18    -1.681533137844511e-18    -1.603217789533050e-18    -1.653823032351845e-18    -1.953956335613612e-18    -2.527104819728447e-18    -2.890624363114699e-17     1.148642014192932e-15    -2.479907843953300e-17    -1.859219157426252e-18    -1.215553672247660e-18    -8.587448793479535e-19    -6.674089980440014e-19    -5.461369933898498e-19    -4.639786562017079e-19    -1.325798505285492e-18    -3.882822895748180e-19    -1.836610436391740e-19    -7.701377452341962e-20    -4.533846527498975e-20    -2.617513189998810e-20    -1.687941478385992e-20    -1.221514764072238e-20    -9.102711552002253e-21    -7.866796153857761e-21    -6.947928791032293e-21    -1.069322905920481e-19     1.146670416328173e-17    -5.606890365455977e-20     4.716330075251874e-22     6.276371193806655e-22     9.016304907807997e-22     1.002563776918619e-21     9.887379681200563e-22     9.714101776561840e-22
    -4.612356362377694e-17    -1.381380470092782e-17    -7.164399566748323e-18    -3.452301008113637e-18    -2.406133028033902e-18    -1.715246558634183e-18    -1.412883290340043e-18    -1.295297283195193e-18    -1.266598359813856e-18    -1.361254578637803e-18    -1.633679083803677e-18    -2.147623190969210e-18    -2.479907843953295e-17     9.948170644142858e-16    -2.161164442965589e-17    -1.631769905825012e-18    -1.070566675526156e-18    -7.589077087853901e-19    -5.913293619457155e-19    -4.850972818688381e-19    -1.203070179981297e-18    -3.540098144364501e-19    -1.664022424000837e-19    -6.988681390799222e-20    -4.116272216256175e-20    -2.363016277062777e-20    -1.509095085147194e-20    -1.072064190808562e-20    -7.814002955163247e-21    -6.265134441853261e-21    -5.588466553930769e-21    -5.111552306577686e-21    -8.467940519743762e-20     9.390011820468672e-18    -4.715329808610244e-20     2.389824649260392e-22     4.064919387341808e-22     6.562942896369296e-22     7.539604793432924e-22     7.556793502696806e-22
    -4.177360542485976e-17    -1.258156210817001e-17    -6.543663662898159e-18    -3.121834409595544e-18    -2.148998915672756e-18    -1.518522168357469e-18    -1.225621864643253e-18    -1.090701605769246e-18    -1.025765489411447e-18    -1.046756407971976e-18    -1.144545043923769e-18    -1.396920838383842e-18    -1.859219157426251e-18    -2.161164442965587e-17     8.745170493124025e-16    -1.908877841012147e-17    -1.448924744604431e-18    -9.538385958053186e-19    -6.784138035904943e-19    -5.304137347770905e-19    -1.089841678432314e-18    -3.230812146976824e-19    -1.526992200029281e-19    -6.394537049458806e-20    -3.752986817898703e-20    -2.162610519390343e-20    -1.375559142409003e-20    -9.642530015707481e-21    -6.902742573531148e-21    -5.388487441600502e-21    -4.445205750232230e-21    -4.117393404487657e-21    -3.884599534624213e-21    -6.848490965949876e-20     7.833792217242197e-18    -4.016530416305793e-20     9.740047513167131e-23     2.593234938533121e-22     4.824338720834440e-22     5.747741873978471e-22
    -3.805536222186064e-17    -1.147571165758959e-17    -5.992090854033720e-18    -2.847760268070877e-18    -1.946087802453608e-18    -1.359975445575509e-18    -1.084955424786709e-18    -9.462484958303752e-19    -8.642807490259791e-19    -8.501701988453141e-19    -8.836508197517997e-19    -9.834038893816767e-19    -1.215553672247659e-18    -1.631769905825019e-18    -1.908877841012148e-17     7.774366337611852e-16    -1.704224077819391e-17    -1.299231792483216e-18    -8.585214501410499e-19    -6.129235028360208e-19    -9.932599165080775e-19    -2.950820193719523e-19    -1.403823721194428e-19    -5.892088014698675e-20    -3.453348920329031e-20    -1.990367945684670e-20    -1.267763662700303e-20    -8.835589021743420e-21    -6.245512223346703e-21    -4.786275776131339e-21    -3.836478179601476e-21    -3.272613706437330e-21    -3.139337995323855e-21    -3.034432685144578e-21    -5.661405659346266e-20     6.629984419461277e-18    -3.463689912217327e-20     1.446566289114308e-24     1.523396629432896e-22     3.537290278776175e-22
    -3.497975258322755e-17    -1.053230977035119e-17    -5.463351444368046e-18    -2.611594155983899e-18    -1.782263141700500e-18    -1.230493273108399e-18    -9.703394342625103e-19    -8.369465259552450e-19    -7.504157842344517e-19    -7.181500936297367e-19    -7.199388506192453e-19    -7.624581609151453e-19    -8.587448793479541e-19    -1.070566675526154e-18    -1.448924744604429e-18    -1.704224077819394e-17     6.978833206648390e-16    -1.536029937148049e-17    -1.176233749412936e-18    -7.796693130441312e-19    -9.132001408833105e-19    -2.712179694720459e-19    -1.284233666532563e-19    -5.447774589683513e-20    -3.205728659740007e-20    -1.841562026032622e-20    -1.172432480579662e-20    -8.174961959722916e-21    -5.758660152731873e-21    -4.352441778568232e-21    -3.422548470185738e-21    -2.829496856477542e-21    -2.487827349834681e-21    -2.454460448912767e-21    -2.432179432988585e-21    -4.755288212029675e-20     5.681700066920366e-18    -3.021800897061361e-20    -6.877482143751841e-23     7.317505640399386e-23
    -3.216856806326477e-17    -9.662850958263994e-18    -5.026131461193008e-18    -2.394326494464146e-18    -1.633932968466517e-18    -1.124380340006478e-18    -8.763208385058425e-19    -7.486384371782084e-19    -6.644837525761733e-19    -6.248478602535097e-19    -6.100870592559916e-19    -6.224337982454210e-19    -6.674089980440011e-19    -7.589077087853907e-19    -9.538385958053182e-19    -1.299231792483215e-18    -1.536029937148048e-17     6.321677375437947e-16    -1.396600483211900e-17    -1.073078706846902e-18    -8.400181748085189e-19    -2.491754731089160e-19    -1.184603782447116e-19    -5.026699636449562e-20    -2.973917928434385e-20    -1.714981054034693e-20    -1.088165019324034e-20    -7.591911935070477e-21    -5.357676787846808e-21    -4.029157675803735e-21    -3.123829172355018e-21    -2.528039443567060e-21    -2.148174472071818e-21    -1.935327148778515e-21    -1.962936046079890e-21    -1.979474003113632e-21    -4.047013987647502e-20     4.925880653045434e-18    -2.667174378376293e-20    -1.206652939655034e-22
    -2.960700581535946e-17    -8.911052377582990e-18    -4.642705238274954e-18    -2.202661852197428e-18    -1.495867457178784e-18    -1.028216314770960e-18    -8.002286546265068e-19    -6.766049062015417e-19    -5.949489644278906e-19    -5.546226575945740e-19    -5.311194552920246e-19    -5.279993039161447e-19    -5.461369933898500e-19    -5.913293619457151e-19    -6.784138035904922e-19    -8.585214501410470e-19    -1.176233749412932e-18    -1.396600483211901e-17     5.774345402016304e-16    -1.279764129216435e-17    -7.733018655252241e-19    -2.299850633256418e-19    -1.096611547417745e-19    -4.651995821626769e-20    -2.747824539320161e-20    -1.594069607060340e-20    -1.017140170729257e-20    -7.072833549519281e-21    -4.995452248893697e-21    -3.762118736514557e-21    -2.895272333194029e-21    -2.308235493291962e-21    -1.918128635168937e-21    -1.664157065943748e-21    -1.535833007428443e-21    -1.591770309553165e-21    -1.628129976832013e-21    -3.484701632951465e-20     4.319504095914693e-18    -2.375071458211985e-20
    -2.729782501431546e-17    -8.271543674809614e-18    -4.282361068219889e-18    -2.030864100587883e-18    -1.373287158568349e-18    -9.407360913501892e-19    -7.319861636902626e-19    -6.182056508580304e-19    -5.385580472255380e-19    -4.963250003755538e-19    -4.712913605280840e-19    -4.602773026472891e-19    -4.639786562017072e-19    -4.850972818688368e-19    -5.304137347770906e-19    -6.129235028360198e-19    -7.796693130441323e-19    -1.073078706846902e-18    -1.279764129216432e-17     5.313213967856870e-16    -7.130775502406354e-19    -2.135606153105588e-19    -1.013720133184260e-19    -4.310161705931365e-20    -2.543811319758366e-20    -1.477491600432455e-20    -9.492001632181466e-21    -6.631978106077752e-21    -4.672810133514547e-21    -3.511166852841326e-21    -2.706357767817338e-21    -2.141022357300548e-21    -1.749807715356528e-21    -1.483980295075171e-21    -1.315165242915569e-21    -1.235517006321807e-21    -1.304779284695122e-21    -1.352814636624764e-21    -3.034554514062230e-20     3.827055713673454e-18
     2.666627850806814e-14    -3.768087640049141e-16    -1.494992402887354e-17    -1.016646352743988e-17    -6.364489507238385e-18    -4.476861555770273e-18    -3.345789512436133e-18    -2.649349624330851e-18    -2.201478297771479e-18    -1.879772525726321e-18    -1.637650316533869e-18    -1.465880801881105e-18    -1.325798505285492e-18    -1.203070179981297e-18    -1.089841678432314e-18    -9.932599165080775e-19    -9.132001408833105e-19    -8.400181748085189e-19    -7.733018655252241e-19    -7.130775502406354e-19     7.588024005539391e-15    -3.684540737621961e-17     1.865539150748298e-19    -3.052232520231512e-20     5.287819795449941e-21     8.248704769741530e-21     1.557453172834829e-21    -4.854040050524590e-21    -3.016703447507973e-21    -3.280238458114037e-21    -2.470729083723631e-21    -2.466498123508688e-21    -2.302156202495965e-21    -7.431472183509499e-22     1.767580294271885e-22     3.201032281915165e-22     5.393159816733403e-22     7.730829288693700e-22     1.005242978366929e-21     1.077433779238635e-21
    -7.970714271958239e-17     4.164969870549346e-15    -4.654657740448776e-17    -2.915893306758887e-18    -1.915519386815872e-18    -1.326703594306130e-18    -9.967613824607325e-19    -7.847005617248312e-19    -6.467369477130642e-19    -5.519913220224219e-19    -4.862187867890194e-19    -4.317167575551245e-19    -3.882822895748180e-19    -3.540098144364501e-19    -3.230812146976824e-19    -2.950820193719523e-19    -2.712179694720459e-19    -2.491754731089160e-19    -2.299850633256418e-19    -2.135606153105588e-19    -3.684540737621954e-17     2.004851480281376e-15    -9.890266803969895e-18     1.455390699415691e-20    -1.839719794510275e-20    -3.033070026884828e-21    -8.457555676254608e-23    -1.982539438777048e-21    -2.277665025906373e-21    -1.907503543304631e-21    -2.009667256111648e-21    -1.395421556065218e-21    -1.047093901356152e-21    -8.367355842917112e-22    -3.251937639224363e-22     1.707023520063206e-22     3.098480821459640e-22     4.334189838204003e-22     5.137278548794313e-22     5.644389234046534e-22
     3.689204416921098e-18    -8.724486968554459e-18     1.369941484826966e-15    -1.589634948690982e-17    -9.579868652112755e-19    -6.899964778555176e-19    -4.956092758462450e-19    -3.838618507543371e-19    -3.123077452542293e-19    -2.645318924053238e-19    -2.304083581623893e-19    -2.046670393031285e-19    -1.836610436391740e-19    -1.664022424000837e-19    -1.526992200029281e-19    -1.403823721194428e-19    -1.284233666532563e-19    -1.184603782447116e-19    -1.096611547417745e-19    -1.013720133184260e-19     1.865539150748284e-19    -9.890266803969900e-18     9.930942373953739e-16    -5.293958152502755e-18    -1.828585009448289e-20    -2.145417498027417e-20    -7.805176475462978e-21    -2.302441752914587e-21    -2.575779352969075e-21    -2.138979814966824e-21    -1.415143007976269e-21    -1.197347948915612e-21    -7.499466394646114e-22    -5.898174442024622e-22    -4.067467679164229e-22    -7.383865833697812e-23     2.225629108261867e-22     2.772455070838471e-22     3.239776820443577e-22     3.612754539685830e-22
     1.016597253886729e-18     8.785228923965544e-19    -3.025917191577528e-18     4.699842157848982e-16    -4.649432724073566e-18    -3.005887890898653e-19    -2.225694084103528e-19    -1.654479793904292e-19    -1.342735704113432e-19    -1.119970779880408e-19    -9.671406887744663e-20    -8.564569093890647e-20    -7.701377452341962e-20    -6.988681390799222e-20    -6.394537049458806e-20    -5.892088014698675e-20    -5.447774589683513e-20    -5.026699636449562e-20    -4.651995821626769e-20    -4.310161705931365e-20    -3.052232520231538e-20     1.455390699415656e-20    -5.293958152502758e-18     6.010590935993405e-16    -3.481335203652349e-18    -2.930213963750450e-20    -2.205461273646628e-20    -9.051043507005651e-21    -3.249460625288163e-21    -2.607615954816079e-21    -1.727661512165884e-21    -1.031667524522640e-21    -8.502691597435585e-22    -4.286037013823879e-22    -2.835415140282937e-22    -1.670468849222176e-22     3.045492746879217e-23     1.856119909019512e-22     2.099704397530087e-22     2.076059898490861e-22
     6.633063109388212e-19     3.871125692830115e-19     3.347018327891691e-19    -1.379906837905413e-18     2.360116665772335e-16    -2.200453881822500e-18    -1.470148166674702e-19    -1.085907652559247e-19    -8.341204108260639e-20    -6.831225261550263e-20    -5.796214633384386e-20    -5.066204746952192e-20    -4.533846527498975e-20    -4.116272216256175e-20    -3.752986817898703e-20    -3.453348920329031e-20    -3.205728659740007e-20    -2.973917928434385e-20    -2.747824539320161e-20    -2.543811319758366e-20     5.287819795450293e-21    -1.839719794510296e-20    -1.828585009448270e-20    -3.481335203652334e-18     4.741808288792529e-16    -2.686499307689190e-18    -2.989517755417218e-20    -2.109072755090776e-20    -8.931019980641738e-21    -3.270192327498191e-21    -2.532498283973999e-21    -1.629418724650788e-21    -8.954874489343827e-22    -6.711267151904965e-22    -2.779190868578515e-22    -1.820422698131794e-22    -1.025821244459609e-22     5.127928240497658e-23     1.439386675357303e-22     1.525842925533424e-22
     4.653709493764972e-19     2.531078034078309e-19     1.684608793087071e-19     1.098915391798292e-19    -5.911492779899070e-19     1.236067115804507e-16    -1.135912895179840e-18    -6.781254858930671e-20    -5.305110050294686e-20    -4.108875978944031e-20    -3.432734124503421e-20    -2.956518208053263e-20    -2.617513189998810e-20    -2.363016277062777e-20    -2.162610519390343e-20    -1.990367945684670e-20    -1.841562026032622e-20    -1.714981054034693e-20    -1.594069607060340e-20    -1.477491600432455e-20     8.248704769741348e-21    -3.033070026884658e-21    -2.145417498027447e-20    -2.930213963750491e-20    -2.686499307689196e-18     3.745955183303804e-16    -2.179775358756683e-18    -2.683863452356079e-20    -1.868981250843757e-20    -8.201457916130964e-21    -3.125501065940789e-21    -2.369172488819698e-21    -1.457397592642315e-21    -7.568640399467503e-22    -5.603370610954985e-22    -2.163696711860526e-22    -1.429481673709358e-22    -9.057437608716045e-23     3.812582241370094e-23     1.091136890974106e-22
     3.051680137083784e-19     1.883289489909865e-19     1.199165186775036e-19     6.701988056655164e-20     5.760926726453097e-20    -4.240887070321077e-19     7.360852795028978e-17    -6.108842494536413e-19    -3.756192914903609e-20    -2.906803564311485e-20    -2.291594631501563e-20    -1.940142719957583e-20    -1.687941478385992e-20    -1.509095085147194e-20    -1.375559142409003e-20    -1.267763662700303e-20    -1.172432480579662e-20    -1.088165019324034e-20    -1.017140170729257e-20    -9.492001632181466e-21     1.557453172834815e-21    -8.457555676253549e-23    -7.805176475462891e-21    -2.205461273646634e-20    -2.989517755417205e-20    -2.179775358756687e-18     2.984751045027352e-16    -1.723514919290153e-18    -2.281619691516341e-20    -1.609372463715833e-20    -7.221365904782563e-21    -2.801826151282834e-21    -2.105141407548969e-21    -1.280092909379864e-21    -6.599769362753027e-22    -4.924028274921665e-22    -2.021992232418000e-22    -1.439196429473645e-22    -9.104903406962920e-23     2.412922886518168e-23
     2.287712077035396e-19     1.342098583961483e-19     9.433991735728942e-20     5.235756085918252e-20     3.643013322656275e-20     2.540347179289139e-20    -2.576756017601041e-19     4.853706164619127e-17    -4.031373625157390e-19    -2.294253994817478e-20    -1.812450610302174e-20    -1.434163164487745e-20    -1.221514764072238e-20    -1.072064190808562e-20    -9.642530015707481e-21    -8.835589021743420e-21    -8.174961959722916e-21    -7.591911935070477e-21    -7.072833549519281e-21    -6.631978106077752e-21    -4.854040050524635e-21    -1.982539438777069e-21    -2.302441752914607e-21    -9.051043507005617e-21    -2.109072755090774e-20    -2.683863452356078e-20    -1.723514919290155e-18     2.382405603887023e-16    -1.409739623956543e-18    -1.933781790894197e-20    -1.384430547139874e-20    -6.316006481222123e-21    -2.477795854317555e-21    -1.852304507041321e-21    -1.124342952083822e-21    -5.942440126581228e-22    -4.540015027279095e-22    -1.954857559518866e-22    -1.411604153015449e-22    -8.898881073103955e-23
     1.954541859893540e-19     1.050146210146633e-19     7.051337886587831e-20     4.320014929845704e-20     2.988588725773109e-20     1.832798590125147e-20     1.353604003228152e-20    -1.855550546482808e-19     3.319805512387590e-17    -2.635218550999426e-19    -1.434936078464968e-20    -1.144390237534312e-20    -9.102711552002253e-21    -7.814002955163247e-21    -6.902742573531148e-21    -6.245512223346703e-21    -5.758660152731873e-21    -5.357676787846808e-21    -4.995452248893697e-21    -4.672810133514547e-21    -3.016703447507972e-21    -2.277665025906380e-21    -2.575779352969053e-21    -3.249460625288168e-21    -8.931019980641780e-21    -1.868981250843751e-20    -2.281619691516343e-20    -1.409739623956542e-18     1.945522235113007e-16    -1.183678643848541e-18    -1.693640447634446e-20    -1.220553310697299e-20    -5.595537363447674e-21    -2.210132523834710e-21    -1.656187064109871e-21    -1.016802512368704e-21    -5.470007492956864e-22    -4.226936642368073e-22    -1.853970581006788e-22    -1.316265278840713e-22
     1.594614818731209e-19     8.776550233620552e-20     5.769942089102813e-20     3.431487890960879e-20     2.534519396723199e-20     1.609305467183869e-20     1.022896529332204e-20     7.736326937256312e-21    -1.381267473918270e-19     2.424829782182544e-17    -1.880367051554723e-19    -9.836003947431010e-21    -7.866796153857761e-21    -6.265134441853261e-21    -5.388487441600502e-21    -4.786275776131339e-21    -4.352441778568232e-21    -4.029157675803735e-21    -3.762118736514557e-21    -3.511166852841326e-21    -3.280238458114034e-21    -1.907503543304633e-21    -2.138979814966823e-21    -2.607615954816082e-21    -3.270192327498186e-21    -8.201457916130970e-21    -1.609372463715830e-20    -1.933781790894195e-20    -1.183678643848540e-18     1.691909061010857e-16    -1.048285414275137e-18    -1.558123977291061e-20    -1.114580711213315e-20    -5.123957589289842e-21    -2.038557249143000e-21    -1.538893798015714e-21    -9.542238102119854e-22    -5.205386222231784e-22    -3.993819442944206e-22    -1.752994242229314e-22
     1.392798617113971e-19     7.344206186450953e-20     4.903429072663920e-20     2.875531341017672e-20     2.075770632518563e-20     1.422853053499011e-20     9.529476875064146e-21     6.215413639545810e-21     4.189349818940381e-21    -1.051759477664195e-19     1.832383594098813e-17    -1.396121608986505e-19    -6.947928791032293e-21    -5.588466553930769e-21    -4.445205750232230e-21    -3.836478179601476e-21    -3.422548470185738e-21    -3.123829172355018e-21    -2.895272333194029e-21    -2.706357767817338e-21    -2.470729083723631e-21    -2.009667256111647e-21    -1.415143007976270e-21    -1.727661512165886e-21    -2.532498283974004e-21    -3.125501065940796e-21    -7.221365904782595e-21    -1.384430547139872e-20    -1.693640447634446e-20    -1.048285414275138e-18     1.548958690008657e-16    -9.718712168973701e-19    -1.471767724595150e-20    -1.044639153438069e-20    -4.812012855080951e-21    -1.941619493790006e-21    -1.477736142996905e-21    -9.225822345202117e-22    -5.031684354910879e-22    -3.835915114159915e-22
     1.224084835743555e-19     6.393848394675895e-20     4.150781078627357e-20     2.490125786333490e-20     1.776782418510549e-20     1.208500958788042e-20     8.726457491777224e-21     6.076045718460241e-21     3.675042411161618e-21     2.530637580418254e-21    -8.363462027360488e-20     1.430089882084718e-17    -1.069322905920481e-19    -5.111552306577686e-21    -4.117393404487657e-21    -3.272613706437330e-21    -2.829496856477542e-21    -2.528039443567060e-21    -2.308235493291962e-21    -2.141022357300548e-21    -2.466498123508685e-21    -1.395421556065224e-21    -1.197347948915611e-21    -1.031667524522640e-21    -1.629418724650785e-21    -2.369172488819701e-21    -2.801826151282834e-21    -6.316006481222136e-21    -1.220553310697296e-20    -1.558123977291055e-20    -9.718712168973699e-19     1.465444441402357e-16    -9.150288592192728e-19    -1.402490602147238e-20    -9.917520943958997e-21    -4.621228784858520e-21    -1.888878943739490e-21    -1.448617236152583e-21    -9.031603376385021e-22    -4.913704254539815e-22
     1.070055348507178e-19     5.526081104931767e-20     3.636054281212656e-20     2.151807038947593e-20     1.564085074502899e-20     1.062974957461613e-20     7.606136862712942e-21     5.729612474439574e-21     3.853611270155911e-21     2.346956659395979e-21     1.470872158781077e-21    -6.771874289416801e-20     1.146670416328173e-17    -8.467940519743762e-20    -3.884599534624213e-21    -3.139337995323855e-21    -2.487827349834681e-21    -2.148174472071818e-21    -1.918128635168937e-21    -1.749807715356528e-21    -2.302156202495970e-21    -1.047093901356157e-21    -7.499466394646139e-22    -8.502691597435598e-22    -8.954874489343833e-22    -1.457397592642316e-21    -2.105141407548972e-21    -2.477795854317559e-21    -5.595537363447685e-21    -1.114580711213319e-20    -1.471767724595141e-20    -9.150288592192753e-19     1.385991669929530e-16    -8.644047082972994e-19    -1.326466744123832e-20    -9.470495314455236e-21    -4.465176017553702e-21    -1.847472520652234e-21    -1.415919627054016e-21    -8.813736151903114e-22
     9.472873626568675e-20     4.844737619517055e-20     3.175438071286478e-20     1.909811742346910e-20     1.375769692400025e-20     9.508800961397692e-21     6.831093600646154e-21     5.123897598299689e-21     3.765282964771186e-21     2.607919790105337e-21     1.494156593845918e-21     8.492886633909844e-22    -5.606890365455977e-20     9.390011820468672e-18    -6.848490965949876e-20    -3.034432685144578e-21    -2.454460448912767e-21    -1.935327148778515e-21    -1.664157065943748e-21    -1.483980295075171e-21    -7.431472183509598e-22    -8.367355842917049e-22    -5.898174442024612e-22    -4.286037013823885e-22    -6.711267151904972e-22    -7.568640399467502e-22    -1.280092909379862e-21    -1.852304507041326e-21    -2.210132523834713e-21    -5.123957589289847e-21    -1.044639153438070e-20    -1.402490602147240e-20    -8.644047082972976e-19     1.300242300256648e-16    -8.101993919370939e-19    -1.258113490713768e-20    -9.071569633703838e-21    -4.323805325622921e-21    -1.794137397282485e-21    -1.372646733696186e-21
     8.057312920822524e-20     4.285536761960522e-20     2.817798888664141e-20     1.696972544100563e-20     1.230730129185230e-20     8.507295403514963e-21     6.226220341041570e-21     4.679216058679073e-21     3.446943467892318e-21     2.620940342488217e-21     1.783687732499524e-21     9.605954761928640e-22     4.716330075251874e-22    -4.715329808610244e-20     7.833792217242197e-18    -5.661405659346266e-20    -2.432179432988585e-21    -1.962936046079890e-21    -1.535833007428443e-21    -1.315165242915569e-21     1.767580294271914e-22    -3.251937639224392e-22    -4.067467679164253e-22    -2.835415140282942e-22    -2.779190868578519e-22    -5.603370610954984e-22    -6.599769362753029e-22    -1.124342952083823e-21    -1.656187064109871e-21    -2.038557249143004e-21    -4.812012855080936e-21    -9.917520943959027e-21    -1.326466744123837e-20    -8.101993919370920e-19     1.212500322713967e-16    -7.619255191902029e-19    -1.199638082650327e-20    -8.729207536961433e-21    -4.166562675373967e-21    -1.731593434347902e-21
     7.024561609038852e-20     3.749192500561039e-20     2.517801430879805e-20     1.517456349118014e-20     1.104878011809906e-20     7.730635711688661e-21     5.643509752141892e-21     4.316060661700716e-21     3.204673640346087e-21     2.446623434252212e-21     1.855331755093626e-21     1.252572180343782e-21     6.276371193806655e-22     2.389824649260392e-22    -4.016530416305793e-20     6.629984419461277e-18    -4.755288212029675e-20    -1.979474003113632e-21    -1.591770309553165e-21    -1.235517006321807e-21     3.201032281915165e-22     1.707023520063193e-22    -7.383865833697693e-23    -1.670468849222176e-22    -1.820422698131787e-22    -2.163696711860530e-22    -4.924028274921663e-22    -5.942440126581230e-22    -1.016802512368702e-21    -1.538893798015713e-21    -1.941619493790011e-21    -4.621228784858525e-21    -9.470495314455222e-21    -1.258113490713767e-20    -7.619255191902001e-19     1.150949250433266e-16    -7.311445668269548e-19    -1.163859711510441e-20    -8.475959572406910e-21    -4.047360657916740e-21
     6.214423466471395e-20     3.331964248569714e-20     2.220692399388634e-20     1.367795256433926e-20     1.000472470635576e-20     7.013175430426109e-21     5.174324061492469e-21     3.952700781204447e-21     2.996611218307245e-21     2.310796668493286e-21     1.769656636392601e-21     1.350545336905667e-21     9.016304907807997e-22     4.064919387341808e-22     9.740047513167131e-23    -3.463689912217327e-20     5.681700066920366e-18    -4.047013987647502e-20    -1.628129976832013e-21    -1.304779284695122e-21     5.393159816733404e-22     3.098480821459639e-22     2.225629108261867e-22     3.045492746879189e-23    -1.025821244459616e-22    -1.429481673709348e-22    -2.021992232418004e-22    -4.540015027279099e-22    -5.470007492956870e-22    -9.542238102119872e-22    -1.477736142996903e-21    -1.888878943739494e-21    -4.465176017553702e-21    -9.071569633703818e-21    -1.199638082650332e-20    -7.311445668269544e-19     1.115066508207624e-16    -7.164004637941165e-19    -1.143323010803022e-20    -8.302717957363610e-21
     5.540564603167322e-20     2.961806321192783e-20     1.990066454835490e-20     1.227139898025517e-20     9.073297419485172e-21     6.398814812113014e-21     4.733018747642572e-21     3.655479163556121e-21     2.778512271876385e-21     2.188266790830191e-21     1.699815332979796e-21     1.311196630996326e-21     1.002563776918619e-21     6.562942896369296e-22     2.593234938533121e-22     1.446566289114308e-24    -3.021800897061361e-20     4.925880653045434e-18    -3.484701632951465e-20    -1.352814636624764e-21     7.730829288693694e-22     4.334189838203997e-22     2.772455070838473e-22     1.856119909019511e-22     5.127928240497765e-23    -9.057437608716084e-23    -1.439196429473646e-22    -1.954857559518870e-22    -4.226936642368077e-22    -5.205386222231787e-22    -9.225822345202100e-22    -1.448617236152584e-21    -1.847472520652234e-21    -4.323805325622929e-21    -8.729207536961409e-21    -1.163859711510440e-20    -7.164004637941173e-19     1.101056007486946e-16    -7.039957496280620e-19    -1.132252279297301e-20
     4.965313358133681e-20     2.664201285920522e-20     1.794679942084491e-20     1.108269650234343e-20     8.188621147123820e-21     5.839459695188639e-21     4.350570904951470e-21     3.373198548582096e-21     2.596986986070829e-21     2.051790883230598e-21     1.625352704093414e-21     1.273128478417719e-21     9.887379681200563e-22     7.539604793432924e-22     4.824338720834440e-22     1.523396629432896e-22    -6.877482143751841e-23    -2.667174378376293e-20     4.319504095914693e-18    -3.034554514062230e-20     1.005242978366927e-21     5.137278548794313e-22     3.239776820443578e-22     2.099704397530089e-22     1.439386675357305e-22     3.812582241370117e-23    -9.104903406962889e-23    -1.411604153015447e-22    -1.853970581006781e-22    -3.993819442944208e-22    -5.031684354910877e-22    -9.031603376385028e-22    -1.415919627054020e-21    -1.794137397282484e-21    -4.166562675373959e-21    -8.475959572406891e-21    -1.143323010803022e-20    -7.039957496280640e-19     1.089465188330693e-16    -6.966889336911758e-19
     4.437933168095612e-20     2.423263860271727e-20     1.622663191567159e-20     1.004732783136009e-20     7.427088488081956e-21     5.309502447765032e-21     4.000312205520575e-21     3.125544090129026e-21     2.421386660052688e-21     1.930254366934981e-21     1.533868644843870e-21     1.229022588535517e-21     9.714101776561840e-22     7.556793502696806e-22     5.747741873978471e-22     3.537290278776175e-22     7.317505640399386e-23    -1.206652939655034e-22    -2.375071458211985e-20     3.827055713673454e-18     1.077433779238634e-21     5.644389234046543e-22     3.612754539685831e-22     2.076059898490860e-22     1.525842925533424e-22     1.091136890974107e-22     2.412922886518052e-23    -8.898881073103944e-23    -1.316265278840708e-22    -1.752994242229310e-22    -3.835915114159915e-22    -4.913704254539816e-22    -8.813736151903117e-22    -1.372646733696187e-21    -1.731593434347903e-21    -4.047360657916734e-21    -8.302717957363607e-21    -1.132252279297298e-20    -6.966889336911752e-19     1.075083923389451e-16
