# Smooth curve fit to cross-spectrum data.
#        ell          C_l
  0.0000e+00   1.7826e-07
  1.0000e+00   3.9971e-08
  2.0000e+00   3.4964e-08
  3.0000e+00   3.9592e-08
  4.0000e+00   4.7622e-08
  5.0000e+00   5.7682e-08
  6.0000e+00   6.9205e-08
  7.0000e+00   8.1842e-08
  8.0000e+00   9.5332e-08
  9.0000e+00   1.0946e-07
  1.0000e+01   1.2403e-07
  1.1000e+01   1.3889e-07
  1.2000e+01   1.5390e-07
  1.3000e+01   1.6894e-07
  1.4000e+01   1.8390e-07
  1.5000e+01   1.9869e-07
  1.6000e+01   2.1323e-07
  1.7000e+01   2.2748e-07
  1.8000e+01   2.4137e-07
  1.9000e+01   2.5486e-07
  2.0000e+01   2.6793e-07
  2.1000e+01   2.8054e-07
  2.2000e+01   2.9268e-07
  2.3000e+01   3.0433e-07
  2.4000e+01   3.1549e-07
  2.5000e+01   3.2614e-07
  2.6000e+01   3.3630e-07
  2.7000e+01   3.4597e-07
  2.8000e+01   3.5514e-07
  2.9000e+01   3.6382e-07
  3.0000e+01   3.7203e-07
  3.1000e+01   3.7977e-07
  3.2000e+01   3.8706e-07
  3.3000e+01   3.9390e-07
  3.4000e+01   4.0032e-07
  3.5000e+01   4.0631e-07
  3.6000e+01   4.1190e-07
  3.7000e+01   4.1710e-07
  3.8000e+01   4.2192e-07
  3.9000e+01   4.2639e-07
  4.0000e+01   4.3050e-07
  4.1000e+01   4.3427e-07
  4.2000e+01   4.3773e-07
  4.3000e+01   4.4087e-07
  4.4000e+01   4.4373e-07
  4.5000e+01   4.4629e-07
  4.6000e+01   4.4859e-07
  4.7000e+01   4.5063e-07
  4.8000e+01   4.5242e-07
  4.9000e+01   4.5397e-07
  5.0000e+01   4.5530e-07
  5.1000e+01   4.5642e-07
  5.2000e+01   4.5733e-07
  5.3000e+01   4.5805e-07
  5.4000e+01   4.5858e-07
  5.5000e+01   4.5894e-07
  5.6000e+01   4.5913e-07
  5.7000e+01   4.5916e-07
  5.8000e+01   4.5904e-07
  5.9000e+01   4.5878e-07
  6.0000e+01   4.5838e-07
  6.1000e+01   4.5786e-07
  6.2000e+01   4.5721e-07
  6.3000e+01   4.5645e-07
  6.4000e+01   4.5558e-07
  6.5000e+01   4.5461e-07
  6.6000e+01   4.5355e-07
  6.7000e+01   4.5239e-07
  6.8000e+01   4.5114e-07
  6.9000e+01   4.4982e-07
  7.0000e+01   4.4842e-07
  7.1000e+01   4.4694e-07
  7.2000e+01   4.4540e-07
  7.3000e+01   4.4380e-07
  7.4000e+01   4.4214e-07
  7.5000e+01   4.4042e-07
  7.6000e+01   4.3865e-07
  7.7000e+01   4.3683e-07
  7.8000e+01   4.3497e-07
  7.9000e+01   4.3306e-07
  8.0000e+01   4.3112e-07
  8.1000e+01   4.2914e-07
  8.2000e+01   4.2713e-07
  8.3000e+01   4.2508e-07
  8.4000e+01   4.2301e-07
  8.5000e+01   4.2092e-07
  8.6000e+01   4.1879e-07
  8.7000e+01   4.1665e-07
  8.8000e+01   4.1449e-07
  8.9000e+01   4.1231e-07
  9.0000e+01   4.1011e-07
  9.1000e+01   4.0790e-07
  9.2000e+01   4.0568e-07
  9.3000e+01   4.0345e-07
  9.4000e+01   4.0120e-07
  9.5000e+01   3.9895e-07
  9.6000e+01   3.9670e-07
  9.7000e+01   3.9443e-07
  9.8000e+01   3.9217e-07
  9.9000e+01   3.8990e-07
  1.0000e+02   3.8762e-07
  1.0100e+02   3.8535e-07
  1.0200e+02   3.8308e-07
  1.0300e+02   3.8080e-07
  1.0400e+02   3.7853e-07
  1.0500e+02   3.7627e-07
  1.0600e+02   3.7400e-07
  1.0700e+02   3.7174e-07
  1.0800e+02   3.6948e-07
  1.0900e+02   3.6723e-07
  1.1000e+02   3.6499e-07
  1.1100e+02   3.6275e-07
  1.1200e+02   3.6052e-07
  1.1300e+02   3.5830e-07
  1.1400e+02   3.5608e-07
  1.1500e+02   3.5388e-07
  1.1600e+02   3.5168e-07
  1.1700e+02   3.4949e-07
  1.1800e+02   3.4731e-07
  1.1900e+02   3.4515e-07
  1.2000e+02   3.4299e-07
  1.2100e+02   3.4084e-07
  1.2200e+02   3.3871e-07
  1.2300e+02   3.3658e-07
  1.2400e+02   3.3447e-07
  1.2500e+02   3.3237e-07
  1.2600e+02   3.3028e-07
  1.2700e+02   3.2821e-07
  1.2800e+02   3.2614e-07
  1.2900e+02   3.2409e-07
  1.3000e+02   3.2205e-07
  1.3100e+02   3.2003e-07
  1.3200e+02   3.1801e-07
  1.3300e+02   3.1601e-07
  1.3400e+02   3.1403e-07
  1.3500e+02   3.1206e-07
  1.3600e+02   3.1010e-07
  1.3700e+02   3.0815e-07
  1.3800e+02   3.0622e-07
  1.3900e+02   3.0430e-07
  1.4000e+02   3.0239e-07
  1.4100e+02   3.0050e-07
  1.4200e+02   2.9862e-07
  1.4300e+02   2.9676e-07
  1.4400e+02   2.9491e-07
  1.4500e+02   2.9307e-07
  1.4600e+02   2.9125e-07
  1.4700e+02   2.8944e-07
  1.4800e+02   2.8764e-07
  1.4900e+02   2.8586e-07
  1.5000e+02   2.8409e-07
  1.5100e+02   2.8233e-07
  1.5200e+02   2.8059e-07
  1.5300e+02   2.7886e-07
  1.5400e+02   2.7715e-07
  1.5500e+02   2.7545e-07
  1.5600e+02   2.7376e-07
  1.5700e+02   2.7208e-07
  1.5800e+02   2.7042e-07
  1.5900e+02   2.6877e-07
  1.6000e+02   2.6714e-07
  1.6100e+02   2.6552e-07
  1.6200e+02   2.6391e-07
  1.6300e+02   2.6231e-07
  1.6400e+02   2.6073e-07
  1.6500e+02   2.5916e-07
  1.6600e+02   2.5760e-07
  1.6700e+02   2.5606e-07
  1.6800e+02   2.5452e-07
  1.6900e+02   2.5300e-07
  1.7000e+02   2.5150e-07
  1.7100e+02   2.5000e-07
  1.7200e+02   2.4852e-07
  1.7300e+02   2.4705e-07
  1.7400e+02   2.4559e-07
  1.7500e+02   2.4415e-07
  1.7600e+02   2.4271e-07
  1.7700e+02   2.4129e-07
  1.7800e+02   2.3988e-07
  1.7900e+02   2.3848e-07
  1.8000e+02   2.3709e-07
  1.8100e+02   2.3572e-07
  1.8200e+02   2.3435e-07
  1.8300e+02   2.3300e-07
  1.8400e+02   2.3166e-07
  1.8500e+02   2.3033e-07
  1.8600e+02   2.2901e-07
  1.8700e+02   2.2770e-07
  1.8800e+02   2.2641e-07
  1.8900e+02   2.2512e-07
  1.9000e+02   2.2384e-07
  1.9100e+02   2.2258e-07
  1.9200e+02   2.2133e-07
  1.9300e+02   2.2008e-07
  1.9400e+02   2.1885e-07
  1.9500e+02   2.1762e-07
  1.9600e+02   2.1641e-07
  1.9700e+02   2.1521e-07
  1.9800e+02   2.1402e-07
  1.9900e+02   2.1283e-07
  2.0000e+02   2.1166e-07
  2.0100e+02   2.1050e-07
  2.0200e+02   2.0934e-07
  2.0300e+02   2.0820e-07
  2.0400e+02   2.0706e-07
  2.0500e+02   2.0594e-07
  2.0600e+02   2.0482e-07
  2.0700e+02   2.0372e-07
  2.0800e+02   2.0262e-07
  2.0900e+02   2.0153e-07
  2.1000e+02   2.0045e-07
  2.1100e+02   1.9938e-07
  2.1200e+02   1.9832e-07
  2.1300e+02   1.9727e-07
  2.1400e+02   1.9623e-07
  2.1500e+02   1.9519e-07
  2.1600e+02   1.9416e-07
  2.1700e+02   1.9315e-07
  2.1800e+02   1.9214e-07
  2.1900e+02   1.9113e-07
  2.2000e+02   1.9014e-07
  2.2100e+02   1.8916e-07
  2.2200e+02   1.8818e-07
  2.2300e+02   1.8721e-07
  2.2400e+02   1.8625e-07
  2.2500e+02   1.8529e-07
  2.2600e+02   1.8435e-07
  2.2700e+02   1.8341e-07
  2.2800e+02   1.8248e-07
  2.2900e+02   1.8156e-07
  2.3000e+02   1.8064e-07
  2.3100e+02   1.7974e-07
  2.3200e+02   1.7884e-07
  2.3300e+02   1.7794e-07
  2.3400e+02   1.7706e-07
  2.3500e+02   1.7618e-07
  2.3600e+02   1.7531e-07
  2.3700e+02   1.7444e-07
  2.3800e+02   1.7359e-07
  2.3900e+02   1.7273e-07
  2.4000e+02   1.7189e-07
  2.4100e+02   1.7105e-07
  2.4200e+02   1.7022e-07
  2.4300e+02   1.6940e-07
  2.4400e+02   1.6858e-07
  2.4500e+02   1.6777e-07
  2.4600e+02   1.6697e-07
  2.4700e+02   1.6617e-07
  2.4800e+02   1.6538e-07
  2.4900e+02   1.6459e-07
  2.5000e+02   1.6381e-07
  2.5100e+02   1.6304e-07
  2.5200e+02   1.6227e-07
  2.5300e+02   1.6151e-07
  2.5400e+02   1.6076e-07
  2.5500e+02   1.6001e-07
  2.5600e+02   1.5927e-07
  2.5700e+02   1.5853e-07
  2.5800e+02   1.5780e-07
  2.5900e+02   1.5707e-07
  2.6000e+02   1.5635e-07
  2.6100e+02   1.5564e-07
  2.6200e+02   1.5493e-07
  2.6300e+02   1.5423e-07
  2.6400e+02   1.5353e-07
  2.6500e+02   1.5283e-07
  2.6600e+02   1.5215e-07
  2.6700e+02   1.5147e-07
  2.6800e+02   1.5079e-07
  2.6900e+02   1.5012e-07
  2.7000e+02   1.4945e-07
  2.7100e+02   1.4879e-07
  2.7200e+02   1.4813e-07
  2.7300e+02   1.4748e-07
  2.7400e+02   1.4684e-07
  2.7500e+02   1.4619e-07
  2.7600e+02   1.4556e-07
  2.7700e+02   1.4493e-07
  2.7800e+02   1.4430e-07
  2.7900e+02   1.4368e-07
  2.8000e+02   1.4306e-07
  2.8100e+02   1.4245e-07
  2.8200e+02   1.4184e-07
  2.8300e+02   1.4124e-07
  2.8400e+02   1.4064e-07
  2.8500e+02   1.4004e-07
  2.8600e+02   1.3945e-07
  2.8700e+02   1.3887e-07
  2.8800e+02   1.3828e-07
  2.8900e+02   1.3771e-07
  2.9000e+02   1.3713e-07
  2.9100e+02   1.3657e-07
  2.9200e+02   1.3600e-07
  2.9300e+02   1.3544e-07
  2.9400e+02   1.3489e-07
  2.9500e+02   1.3433e-07
  2.9600e+02   1.3379e-07
  2.9700e+02   1.3324e-07
  2.9800e+02   1.3270e-07
  2.9900e+02   1.3217e-07
  3.0000e+02   1.3163e-07
  3.0100e+02   1.3110e-07
  3.0200e+02   1.3058e-07
  3.0300e+02   1.3006e-07
  3.0400e+02   1.2954e-07
  3.0500e+02   1.2903e-07
  3.0600e+02   1.2852e-07
  3.0700e+02   1.2801e-07
  3.0800e+02   1.2751e-07
  3.0900e+02   1.2701e-07
  3.1000e+02   1.2652e-07
  3.1100e+02   1.2603e-07
  3.1200e+02   1.2554e-07
  3.1300e+02   1.2506e-07
  3.1400e+02   1.2458e-07
  3.1500e+02   1.2410e-07
  3.1600e+02   1.2362e-07
  3.1700e+02   1.2315e-07
  3.1800e+02   1.2269e-07
  3.1900e+02   1.2222e-07
  3.2000e+02   1.2176e-07
  3.2100e+02   1.2130e-07
  3.2200e+02   1.2085e-07
  3.2300e+02   1.2040e-07
  3.2400e+02   1.1995e-07
  3.2500e+02   1.1950e-07
  3.2600e+02   1.1906e-07
  3.2700e+02   1.1862e-07
  3.2800e+02   1.1819e-07
  3.2900e+02   1.1776e-07
  3.3000e+02   1.1733e-07
  3.3100e+02   1.1690e-07
  3.3200e+02   1.1648e-07
  3.3300e+02   1.1605e-07
  3.3400e+02   1.1564e-07
  3.3500e+02   1.1522e-07
  3.3600e+02   1.1481e-07
  3.3700e+02   1.1440e-07
  3.3800e+02   1.1399e-07
  3.3900e+02   1.1359e-07
  3.4000e+02   1.1319e-07
  3.4100e+02   1.1279e-07
  3.4200e+02   1.1240e-07
  3.4300e+02   1.1200e-07
  3.4400e+02   1.1161e-07
  3.4500e+02   1.1122e-07
  3.4600e+02   1.1084e-07
  3.4700e+02   1.1046e-07
  3.4800e+02   1.1008e-07
  3.4900e+02   1.0970e-07
  3.5000e+02   1.0933e-07
  3.5100e+02   1.0895e-07
  3.5200e+02   1.0858e-07
  3.5300e+02   1.0822e-07
  3.5400e+02   1.0785e-07
  3.5500e+02   1.0749e-07
  3.5600e+02   1.0713e-07
  3.5700e+02   1.0677e-07
  3.5800e+02   1.0642e-07
  3.5900e+02   1.0606e-07
  3.6000e+02   1.0571e-07
  3.6100e+02   1.0536e-07
  3.6200e+02   1.0502e-07
  3.6300e+02   1.0467e-07
  3.6400e+02   1.0433e-07
  3.6500e+02   1.0399e-07
  3.6600e+02   1.0366e-07
  3.6700e+02   1.0332e-07
  3.6800e+02   1.0299e-07
  3.6900e+02   1.0266e-07
  3.7000e+02   1.0233e-07
  3.7100e+02   1.0201e-07
  3.7200e+02   1.0168e-07
  3.7300e+02   1.0136e-07
  3.7400e+02   1.0104e-07
  3.7500e+02   1.0072e-07
  3.7600e+02   1.0041e-07
  3.7700e+02   1.0009e-07
  3.7800e+02   9.9780e-08
  3.7900e+02   9.9471e-08
  3.8000e+02   9.9163e-08
  3.8100e+02   9.8857e-08
  3.8200e+02   9.8553e-08
  3.8300e+02   9.8251e-08
  3.8400e+02   9.7951e-08
  3.8500e+02   9.7653e-08
  3.8600e+02   9.7357e-08
  3.8700e+02   9.7063e-08
  3.8800e+02   9.6770e-08
  3.8900e+02   9.6480e-08
  3.9000e+02   9.6191e-08
  3.9100e+02   9.5904e-08
  3.9200e+02   9.5619e-08
  3.9300e+02   9.5335e-08
  3.9400e+02   9.5054e-08
  3.9500e+02   9.4774e-08
  3.9600e+02   9.4496e-08
  3.9700e+02   9.4220e-08
  3.9800e+02   9.3945e-08
  3.9900e+02   9.3672e-08
  4.0000e+02   9.3401e-08
  4.0100e+02   9.3131e-08
  4.0200e+02   9.2863e-08
  4.0300e+02   9.2597e-08
  4.0400e+02   9.2333e-08
  4.0500e+02   9.2070e-08
  4.0600e+02   9.1808e-08
  4.0700e+02   9.1549e-08
  4.0800e+02   9.1290e-08
  4.0900e+02   9.1034e-08
  4.1000e+02   9.0779e-08
  4.1100e+02   9.0525e-08
  4.1200e+02   9.0273e-08
  4.1300e+02   9.0023e-08
  4.1400e+02   8.9774e-08
  4.1500e+02   8.9527e-08
  4.1600e+02   8.9281e-08
  4.1700e+02   8.9037e-08
  4.1800e+02   8.8794e-08
  4.1900e+02   8.8553e-08
  4.2000e+02   8.8313e-08
  4.2100e+02   8.8074e-08
  4.2200e+02   8.7837e-08
  4.2300e+02   8.7601e-08
  4.2400e+02   8.7367e-08
  4.2500e+02   8.7134e-08
  4.2600e+02   8.6903e-08
  4.2700e+02   8.6673e-08
  4.2800e+02   8.6444e-08
  4.2900e+02   8.6217e-08
  4.3000e+02   8.5991e-08
  4.3100e+02   8.5766e-08
  4.3200e+02   8.5543e-08
  4.3300e+02   8.5321e-08
  4.3400e+02   8.5100e-08
  4.3500e+02   8.4881e-08
  4.3600e+02   8.4663e-08
  4.3700e+02   8.4446e-08
  4.3800e+02   8.4231e-08
  4.3900e+02   8.4017e-08
  4.4000e+02   8.3804e-08
  4.4100e+02   8.3592e-08
  4.4200e+02   8.3381e-08
  4.4300e+02   8.3172e-08
  4.4400e+02   8.2964e-08
  4.4500e+02   8.2757e-08
  4.4600e+02   8.2552e-08
  4.4700e+02   8.2347e-08
  4.4800e+02   8.2144e-08
  4.4900e+02   8.1942e-08
  4.5000e+02   8.1741e-08
  4.5100e+02   8.1541e-08
  4.5200e+02   8.1343e-08
  4.5300e+02   8.1145e-08
  4.5400e+02   8.0949e-08
  4.5500e+02   8.0754e-08
  4.5600e+02   8.0560e-08
  4.5700e+02   8.0367e-08
  4.5800e+02   8.0175e-08
  4.5900e+02   7.9985e-08
  4.6000e+02   7.9795e-08
  4.6100e+02   7.9607e-08
  4.6200e+02   7.9419e-08
  4.6300e+02   7.9233e-08
  4.6400e+02   7.9047e-08
  4.6500e+02   7.8863e-08
  4.6600e+02   7.8680e-08
  4.6700e+02   7.8498e-08
  4.6800e+02   7.8317e-08
  4.6900e+02   7.8136e-08
  4.7000e+02   7.7957e-08
  4.7100e+02   7.7779e-08
  4.7200e+02   7.7602e-08
  4.7300e+02   7.7426e-08
  4.7400e+02   7.7251e-08
  4.7500e+02   7.7077e-08
  4.7600e+02   7.6904e-08
  4.7700e+02   7.6732e-08
  4.7800e+02   7.6560e-08
  4.7900e+02   7.6390e-08
  4.8000e+02   7.6221e-08
  4.8100e+02   7.6053e-08
  4.8200e+02   7.5885e-08
  4.8300e+02   7.5719e-08
  4.8400e+02   7.5553e-08
  4.8500e+02   7.5389e-08
  4.8600e+02   7.5225e-08
  4.8700e+02   7.5062e-08
  4.8800e+02   7.4900e-08
  4.8900e+02   7.4739e-08
  4.9000e+02   7.4579e-08
  4.9100e+02   7.4420e-08
  4.9200e+02   7.4262e-08
  4.9300e+02   7.4104e-08
  4.9400e+02   7.3948e-08
  4.9500e+02   7.3792e-08
  4.9600e+02   7.3637e-08
  4.9700e+02   7.3483e-08
  4.9800e+02   7.3330e-08
  4.9900e+02   7.3177e-08
  5.0000e+02   7.3026e-08
  5.0100e+02   7.2875e-08
  5.0200e+02   7.2725e-08
  5.0300e+02   7.2576e-08
  5.0400e+02   7.2428e-08
  5.0500e+02   7.2281e-08
  5.0600e+02   7.2134e-08
  5.0700e+02   7.1988e-08
  5.0800e+02   7.1843e-08
  5.0900e+02   7.1699e-08
  5.1000e+02   7.1556e-08
  5.1100e+02   7.1413e-08
  5.1200e+02   7.1271e-08
  5.1300e+02   7.1130e-08
  5.1400e+02   7.0989e-08
  5.1500e+02   7.0850e-08
  5.1600e+02   7.0711e-08
  5.1700e+02   7.0573e-08
  5.1800e+02   7.0436e-08
  5.1900e+02   7.0299e-08
  5.2000e+02   7.0163e-08
  5.2100e+02   7.0028e-08
  5.2200e+02   6.9893e-08
  5.2300e+02   6.9760e-08
  5.2400e+02   6.9627e-08
  5.2500e+02   6.9494e-08
  5.2600e+02   6.9363e-08
  5.2700e+02   6.9232e-08
  5.2800e+02   6.9102e-08
  5.2900e+02   6.8972e-08
  5.3000e+02   6.8843e-08
  5.3100e+02   6.8715e-08
  5.3200e+02   6.8588e-08
  5.3300e+02   6.8461e-08
  5.3400e+02   6.8335e-08
  5.3500e+02   6.8210e-08
  5.3600e+02   6.8085e-08
  5.3700e+02   6.7961e-08
  5.3800e+02   6.7837e-08
  5.3900e+02   6.7715e-08
  5.4000e+02   6.7593e-08
  5.4100e+02   6.7471e-08
  5.4200e+02   6.7350e-08
  5.4300e+02   6.7230e-08
  5.4400e+02   6.7111e-08
  5.4500e+02   6.6992e-08
  5.4600e+02   6.6873e-08
  5.4700e+02   6.6756e-08
  5.4800e+02   6.6639e-08
  5.4900e+02   6.6522e-08
  5.5000e+02   6.6406e-08
  5.5100e+02   6.6291e-08
  5.5200e+02   6.6176e-08
  5.5300e+02   6.6062e-08
  5.5400e+02   6.5949e-08
  5.5500e+02   6.5836e-08
  5.5600e+02   6.5724e-08
  5.5700e+02   6.5612e-08
  5.5800e+02   6.5501e-08
  5.5900e+02   6.5391e-08
  5.6000e+02   6.5281e-08
  5.6100e+02   6.5171e-08
  5.6200e+02   6.5063e-08
  5.6300e+02   6.4954e-08
  5.6400e+02   6.4847e-08
  5.6500e+02   6.4740e-08
  5.6600e+02   6.4633e-08
  5.6700e+02   6.4527e-08
  5.6800e+02   6.4422e-08
  5.6900e+02   6.4317e-08
  5.7000e+02   6.4212e-08
  5.7100e+02   6.4109e-08
  5.7200e+02   6.4005e-08
  5.7300e+02   6.3903e-08
  5.7400e+02   6.3800e-08
  5.7500e+02   6.3699e-08
  5.7600e+02   6.3598e-08
  5.7700e+02   6.3497e-08
  5.7800e+02   6.3397e-08
  5.7900e+02   6.3297e-08
  5.8000e+02   6.3198e-08
  5.8100e+02   6.3100e-08
  5.8200e+02   6.3002e-08
  5.8300e+02   6.2904e-08
  5.8400e+02   6.2807e-08
  5.8500e+02   6.2711e-08
  5.8600e+02   6.2615e-08
  5.8700e+02   6.2519e-08
  5.8800e+02   6.2424e-08
  5.8900e+02   6.2329e-08
  5.9000e+02   6.2235e-08
  5.9100e+02   6.2142e-08
  5.9200e+02   6.2049e-08
  5.9300e+02   6.1956e-08
  5.9400e+02   6.1864e-08
  5.9500e+02   6.1772e-08
  5.9600e+02   6.1681e-08
  5.9700e+02   6.1590e-08
  5.9800e+02   6.1500e-08
  5.9900e+02   6.1410e-08
  6.0000e+02   6.1321e-08
  6.0100e+02   6.1232e-08
  6.0200e+02   6.1143e-08
  6.0300e+02   6.1055e-08
  6.0400e+02   6.0968e-08
  6.0500e+02   6.0880e-08
  6.0600e+02   6.0794e-08
  6.0700e+02   6.0708e-08
  6.0800e+02   6.0622e-08
  6.0900e+02   6.0536e-08
  6.1000e+02   6.0452e-08
  6.1100e+02   6.0367e-08
  6.1200e+02   6.0283e-08
  6.1300e+02   6.0199e-08
  6.1400e+02   6.0116e-08
  6.1500e+02   6.0033e-08
  6.1600e+02   5.9951e-08
  6.1700e+02   5.9869e-08
  6.1800e+02   5.9788e-08
  6.1900e+02   5.9707e-08
  6.2000e+02   5.9626e-08
  6.2100e+02   5.9546e-08
  6.2200e+02   5.9466e-08
  6.2300e+02   5.9386e-08
  6.2400e+02   5.9307e-08
  6.2500e+02   5.9229e-08
  6.2600e+02   5.9150e-08
  6.2700e+02   5.9072e-08
  6.2800e+02   5.8995e-08
  6.2900e+02   5.8918e-08
  6.3000e+02   5.8841e-08
  6.3100e+02   5.8765e-08
  6.3200e+02   5.8689e-08
  6.3300e+02   5.8614e-08
  6.3400e+02   5.8538e-08
  6.3500e+02   5.8464e-08
  6.3600e+02   5.8389e-08
  6.3700e+02   5.8315e-08
  6.3800e+02   5.8242e-08
  6.3900e+02   5.8168e-08
  6.4000e+02   5.8096e-08
  6.4100e+02   5.8023e-08
  6.4200e+02   5.7951e-08
  6.4300e+02   5.7879e-08
  6.4400e+02   5.7808e-08
  6.4500e+02   5.7737e-08
  6.4600e+02   5.7666e-08
  6.4700e+02   5.7596e-08
  6.4800e+02   5.7526e-08
  6.4900e+02   5.7456e-08
  6.5000e+02   5.7387e-08
  6.5100e+02   5.7318e-08
  6.5200e+02   5.7250e-08
  6.5300e+02   5.7181e-08
  6.5400e+02   5.7114e-08
  6.5500e+02   5.7046e-08
  6.5600e+02   5.6979e-08
  6.5700e+02   5.6912e-08
  6.5800e+02   5.6846e-08
  6.5900e+02   5.6779e-08
  6.6000e+02   5.6714e-08
  6.6100e+02   5.6648e-08
  6.6200e+02   5.6583e-08
  6.6300e+02   5.6518e-08
  6.6400e+02   5.6454e-08
  6.6500e+02   5.6390e-08
  6.6600e+02   5.6326e-08
  6.6700e+02   5.6262e-08
  6.6800e+02   5.6199e-08
  6.6900e+02   5.6136e-08
  6.7000e+02   5.6074e-08
  6.7100e+02   5.6012e-08
  6.7200e+02   5.5950e-08
  6.7300e+02   5.5888e-08
  6.7400e+02   5.5827e-08
  6.7500e+02   5.5766e-08
  6.7600e+02   5.5705e-08
  6.7700e+02   5.5645e-08
  6.7800e+02   5.5585e-08
  6.7900e+02   5.5525e-08
  6.8000e+02   5.5466e-08
  6.8100e+02   5.5407e-08
  6.8200e+02   5.5348e-08
  6.8300e+02   5.5289e-08
  6.8400e+02   5.5231e-08
  6.8500e+02   5.5173e-08
  6.8600e+02   5.5116e-08
  6.8700e+02   5.5058e-08
  6.8800e+02   5.5001e-08
  6.8900e+02   5.4945e-08
  6.9000e+02   5.4888e-08
  6.9100e+02   5.4832e-08
  6.9200e+02   5.4776e-08
  6.9300e+02   5.4721e-08
  6.9400e+02   5.4666e-08
  6.9500e+02   5.4611e-08
  6.9600e+02   5.4556e-08
  6.9700e+02   5.4501e-08
  6.9800e+02   5.4447e-08
  6.9900e+02   5.4393e-08
  7.0000e+02   5.4340e-08
  7.0100e+02   5.4287e-08
  7.0200e+02   5.4234e-08
  7.0300e+02   5.4181e-08
  7.0400e+02   5.4128e-08
  7.0500e+02   5.4076e-08
  7.0600e+02   5.4024e-08
  7.0700e+02   5.3973e-08
  7.0800e+02   5.3921e-08
  7.0900e+02   5.3870e-08
  7.1000e+02   5.3819e-08
  7.1100e+02   5.3769e-08
  7.1200e+02   5.3718e-08
  7.1300e+02   5.3668e-08
  7.1400e+02   5.3618e-08
  7.1500e+02   5.3569e-08
  7.1600e+02   5.3520e-08
  7.1700e+02   5.3471e-08
  7.1800e+02   5.3422e-08
  7.1900e+02   5.3373e-08
  7.2000e+02   5.3325e-08
  7.2100e+02   5.3277e-08
  7.2200e+02   5.3229e-08
  7.2300e+02   5.3182e-08
  7.2400e+02   5.3134e-08
  7.2500e+02   5.3087e-08
  7.2600e+02   5.3041e-08
  7.2700e+02   5.2994e-08
  7.2800e+02   5.2948e-08
  7.2900e+02   5.2902e-08
  7.3000e+02   5.2856e-08
  7.3100e+02   5.2811e-08
  7.3200e+02   5.2765e-08
  7.3300e+02   5.2720e-08
  7.3400e+02   5.2676e-08
  7.3500e+02   5.2631e-08
  7.3600e+02   5.2587e-08
  7.3700e+02   5.2543e-08
  7.3800e+02   5.2499e-08
  7.3900e+02   5.2455e-08
  7.4000e+02   5.2412e-08
  7.4100e+02   5.2368e-08
  7.4200e+02   5.2326e-08
  7.4300e+02   5.2283e-08
  7.4400e+02   5.2240e-08
  7.4500e+02   5.2198e-08
  7.4600e+02   5.2156e-08
  7.4700e+02   5.2114e-08
  7.4800e+02   5.2073e-08
  7.4900e+02   5.2031e-08
  7.5000e+02   5.1990e-08
  7.5100e+02   5.1949e-08
  7.5200e+02   5.1909e-08
  7.5300e+02   5.1868e-08
  7.5400e+02   5.1828e-08
  7.5500e+02   5.1788e-08
  7.5600e+02   5.1748e-08
  7.5700e+02   5.1709e-08
  7.5800e+02   5.1669e-08
  7.5900e+02   5.1630e-08
  7.6000e+02   5.1591e-08
  7.6100e+02   5.1553e-08
  7.6200e+02   5.1514e-08
  7.6300e+02   5.1476e-08
  7.6400e+02   5.1438e-08
  7.6500e+02   5.1400e-08
  7.6600e+02   5.1362e-08
  7.6700e+02   5.1325e-08
  7.6800e+02   5.1288e-08
  7.6900e+02   5.1251e-08
  7.7000e+02   5.1214e-08
  7.7100e+02   5.1177e-08
  7.7200e+02   5.1141e-08
  7.7300e+02   5.1105e-08
  7.7400e+02   5.1069e-08
  7.7500e+02   5.1033e-08
  7.7600e+02   5.0997e-08
  7.7700e+02   5.0962e-08
  7.7800e+02   5.0927e-08
  7.7900e+02   5.0892e-08
  7.8000e+02   5.0857e-08
  7.8100e+02   5.0822e-08
  7.8200e+02   5.0788e-08
  7.8300e+02   5.0754e-08
  7.8400e+02   5.0720e-08
  7.8500e+02   5.0686e-08
  7.8600e+02   5.0652e-08
  7.8700e+02   5.0619e-08
  7.8800e+02   5.0586e-08
  7.8900e+02   5.0553e-08
  7.9000e+02   5.0520e-08
  7.9100e+02   5.0487e-08
  7.9200e+02   5.0455e-08
  7.9300e+02   5.0422e-08
  7.9400e+02   5.0390e-08
  7.9500e+02   5.0358e-08
  7.9600e+02   5.0327e-08
  7.9700e+02   5.0295e-08
  7.9800e+02   5.0264e-08
  7.9900e+02   5.0233e-08
  8.0000e+02   5.0202e-08
  8.0100e+02   5.0171e-08
  8.0200e+02   5.0140e-08
  8.0300e+02   5.0110e-08
  8.0400e+02   5.0080e-08
  8.0500e+02   5.0050e-08
  8.0600e+02   5.0020e-08
  8.0700e+02   4.9990e-08
  8.0800e+02   4.9960e-08
  8.0900e+02   4.9931e-08
  8.1000e+02   4.9902e-08
  8.1100e+02   4.9873e-08
  8.1200e+02   4.9844e-08
  8.1300e+02   4.9815e-08
  8.1400e+02   4.9787e-08
  8.1500e+02   4.9759e-08
  8.1600e+02   4.9731e-08
  8.1700e+02   4.9703e-08
  8.1800e+02   4.9675e-08
  8.1900e+02   4.9647e-08
  8.2000e+02   4.9620e-08
  8.2100e+02   4.9592e-08
  8.2200e+02   4.9565e-08
  8.2300e+02   4.9538e-08
  8.2400e+02   4.9512e-08
  8.2500e+02   4.9485e-08
  8.2600e+02   4.9459e-08
  8.2700e+02   4.9432e-08
  8.2800e+02   4.9406e-08
  8.2900e+02   4.9380e-08
  8.3000e+02   4.9355e-08
  8.3100e+02   4.9329e-08
  8.3200e+02   4.9304e-08
  8.3300e+02   4.9278e-08
  8.3400e+02   4.9253e-08
  8.3500e+02   4.9228e-08
  8.3600e+02   4.9204e-08
  8.3700e+02   4.9179e-08
  8.3800e+02   4.9154e-08
  8.3900e+02   4.9130e-08
  8.4000e+02   4.9106e-08
  8.4100e+02   4.9082e-08
  8.4200e+02   4.9058e-08
  8.4300e+02   4.9035e-08
  8.4400e+02   4.9011e-08
  8.4500e+02   4.8988e-08
  8.4600e+02   4.8965e-08
  8.4700e+02   4.8941e-08
  8.4800e+02   4.8919e-08
  8.4900e+02   4.8896e-08
  8.5000e+02   4.8873e-08
  8.5100e+02   4.8851e-08
  8.5200e+02   4.8829e-08
  8.5300e+02   4.8806e-08
  8.5400e+02   4.8785e-08
  8.5500e+02   4.8763e-08
  8.5600e+02   4.8741e-08
  8.5700e+02   4.8720e-08
  8.5800e+02   4.8698e-08
  8.5900e+02   4.8677e-08
  8.6000e+02   4.8656e-08
  8.6100e+02   4.8635e-08
  8.6200e+02   4.8614e-08
  8.6300e+02   4.8594e-08
  8.6400e+02   4.8573e-08
  8.6500e+02   4.8553e-08
  8.6600e+02   4.8533e-08
  8.6700e+02   4.8513e-08
  8.6800e+02   4.8493e-08
  8.6900e+02   4.8473e-08
  8.7000e+02   4.8453e-08
  8.7100e+02   4.8434e-08
  8.7200e+02   4.8415e-08
  8.7300e+02   4.8396e-08
  8.7400e+02   4.8376e-08
  8.7500e+02   4.8358e-08
  8.7600e+02   4.8339e-08
  8.7700e+02   4.8320e-08
  8.7800e+02   4.8302e-08
  8.7900e+02   4.8283e-08
  8.8000e+02   4.8265e-08
  8.8100e+02   4.8247e-08
  8.8200e+02   4.8229e-08
  8.8300e+02   4.8212e-08
  8.8400e+02   4.8194e-08
  8.8500e+02   4.8177e-08
  8.8600e+02   4.8159e-08
  8.8700e+02   4.8142e-08
  8.8800e+02   4.8125e-08
  8.8900e+02   4.8108e-08
  8.9000e+02   4.8091e-08
  8.9100e+02   4.8075e-08
  8.9200e+02   4.8058e-08
  8.9300e+02   4.8042e-08
  8.9400e+02   4.8025e-08
  8.9500e+02   4.8009e-08
  8.9600e+02   4.7993e-08
  8.9700e+02   4.7977e-08
  8.9800e+02   4.7962e-08
  8.9900e+02   4.7946e-08
  9.0000e+02   4.7931e-08
  9.0100e+02   4.7915e-08
  9.0200e+02   4.7900e-08
  9.0300e+02   4.7885e-08
  9.0400e+02   4.7870e-08
  9.0500e+02   4.7855e-08
  9.0600e+02   4.7841e-08
  9.0700e+02   4.7826e-08
  9.0800e+02   4.7812e-08
  9.0900e+02   4.7797e-08
  9.1000e+02   4.7783e-08
  9.1100e+02   4.7769e-08
  9.1200e+02   4.7755e-08
  9.1300e+02   4.7741e-08
  9.1400e+02   4.7728e-08
  9.1500e+02   4.7714e-08
  9.1600e+02   4.7701e-08
  9.1700e+02   4.7687e-08
  9.1800e+02   4.7674e-08
  9.1900e+02   4.7661e-08
  9.2000e+02   4.7648e-08
  9.2100e+02   4.7636e-08
  9.2200e+02   4.7623e-08
  9.2300e+02   4.7610e-08
  9.2400e+02   4.7598e-08
  9.2500e+02   4.7586e-08
  9.2600e+02   4.7573e-08
  9.2700e+02   4.7561e-08
  9.2800e+02   4.7549e-08
  9.2900e+02   4.7538e-08
  9.3000e+02   4.7526e-08
  9.3100e+02   4.7514e-08
  9.3200e+02   4.7503e-08
  9.3300e+02   4.7492e-08
  9.3400e+02   4.7480e-08
  9.3500e+02   4.7469e-08
  9.3600e+02   4.7458e-08
  9.3700e+02   4.7448e-08
  9.3800e+02   4.7437e-08
  9.3900e+02   4.7426e-08
  9.4000e+02   4.7416e-08
  9.4100e+02   4.7405e-08
  9.4200e+02   4.7395e-08
  9.4300e+02   4.7385e-08
  9.4400e+02   4.7375e-08
  9.4500e+02   4.7365e-08
  9.4600e+02   4.7355e-08
  9.4700e+02   4.7346e-08
  9.4800e+02   4.7336e-08
  9.4900e+02   4.7327e-08
  9.5000e+02   4.7317e-08
  9.5100e+02   4.7308e-08
  9.5200e+02   4.7299e-08
  9.5300e+02   4.7290e-08
  9.5400e+02   4.7281e-08
  9.5500e+02   4.7272e-08
  9.5600e+02   4.7264e-08
  9.5700e+02   4.7255e-08
  9.5800e+02   4.7247e-08
  9.5900e+02   4.7238e-08
  9.6000e+02   4.7230e-08
  9.6100e+02   4.7222e-08
  9.6200e+02   4.7214e-08
  9.6300e+02   4.7206e-08
  9.6400e+02   4.7198e-08
  9.6500e+02   4.7191e-08
  9.6600e+02   4.7183e-08
  9.6700e+02   4.7176e-08
  9.6800e+02   4.7169e-08
  9.6900e+02   4.7161e-08
  9.7000e+02   4.7154e-08
  9.7100e+02   4.7147e-08
  9.7200e+02   4.7140e-08
  9.7300e+02   4.7134e-08
  9.7400e+02   4.7127e-08
  9.7500e+02   4.7120e-08
  9.7600e+02   4.7114e-08
  9.7700e+02   4.7108e-08
  9.7800e+02   4.7101e-08
  9.7900e+02   4.7095e-08
  9.8000e+02   4.7089e-08
  9.8100e+02   4.7083e-08
  9.8200e+02   4.7078e-08
  9.8300e+02   4.7072e-08
  9.8400e+02   4.7066e-08
  9.8500e+02   4.7061e-08
  9.8600e+02   4.7055e-08
  9.8700e+02   4.7050e-08
  9.8800e+02   4.7045e-08
  9.8900e+02   4.7040e-08
  9.9000e+02   4.7035e-08
  9.9100e+02   4.7030e-08
  9.9200e+02   4.7025e-08
  9.9300e+02   4.7021e-08
  9.9400e+02   4.7016e-08
  9.9500e+02   4.7012e-08
  9.9600e+02   4.7007e-08
  9.9700e+02   4.7003e-08
  9.9800e+02   4.6999e-08
  9.9900e+02   4.6995e-08
  1.0000e+03   4.6991e-08
  1.0010e+03   4.6987e-08
  1.0020e+03   4.6983e-08
  1.0030e+03   4.6980e-08
  1.0040e+03   4.6976e-08
  1.0050e+03   4.6973e-08
  1.0060e+03   4.6969e-08
  1.0070e+03   4.6966e-08
  1.0080e+03   4.6963e-08
  1.0090e+03   4.6960e-08
  1.0100e+03   4.6957e-08
  1.0110e+03   4.6954e-08
  1.0120e+03   4.6952e-08
  1.0130e+03   4.6949e-08
  1.0140e+03   4.6946e-08
  1.0150e+03   4.6944e-08
  1.0160e+03   4.6942e-08
  1.0170e+03   4.6939e-08
  1.0180e+03   4.6937e-08
  1.0190e+03   4.6935e-08
  1.0200e+03   4.6933e-08
  1.0210e+03   4.6931e-08
  1.0220e+03   4.6930e-08
  1.0230e+03   4.6928e-08
  1.0240e+03   4.6926e-08
  1.0250e+03   4.6925e-08
  1.0260e+03   4.6924e-08
  1.0270e+03   4.6922e-08
  1.0280e+03   4.6921e-08
  1.0290e+03   4.6920e-08
  1.0300e+03   4.6919e-08
  1.0310e+03   4.6918e-08
  1.0320e+03   4.6917e-08
  1.0330e+03   4.6917e-08
  1.0340e+03   4.6916e-08
  1.0350e+03   4.6916e-08
  1.0360e+03   4.6915e-08
  1.0370e+03   4.6915e-08
  1.0380e+03   4.6915e-08
  1.0390e+03   4.6915e-08
  1.0400e+03   4.6915e-08
  1.0410e+03   4.6915e-08
  1.0420e+03   4.6915e-08
  1.0430e+03   4.6915e-08
  1.0440e+03   4.6915e-08
  1.0450e+03   4.6916e-08
  1.0460e+03   4.6916e-08
  1.0470e+03   4.6917e-08
  1.0480e+03   4.6918e-08
  1.0490e+03   4.6919e-08
  1.0500e+03   4.6919e-08
  1.0510e+03   4.6920e-08
  1.0520e+03   4.6921e-08
  1.0530e+03   4.6923e-08
  1.0540e+03   4.6924e-08
  1.0550e+03   4.6925e-08
  1.0560e+03   4.6927e-08
  1.0570e+03   4.6928e-08
  1.0580e+03   4.6930e-08
  1.0590e+03   4.6932e-08
  1.0600e+03   4.6933e-08
  1.0610e+03   4.6935e-08
  1.0620e+03   4.6937e-08
  1.0630e+03   4.6939e-08
  1.0640e+03   4.6942e-08
  1.0650e+03   4.6944e-08
  1.0660e+03   4.6946e-08
  1.0670e+03   4.6949e-08
  1.0680e+03   4.6951e-08
  1.0690e+03   4.6954e-08
  1.0700e+03   4.6956e-08
  1.0710e+03   4.6959e-08
  1.0720e+03   4.6962e-08
  1.0730e+03   4.6965e-08
  1.0740e+03   4.6968e-08
  1.0750e+03   4.6971e-08
  1.0760e+03   4.6975e-08
  1.0770e+03   4.6978e-08
  1.0780e+03   4.6981e-08
  1.0790e+03   4.6985e-08
  1.0800e+03   4.6988e-08
  1.0810e+03   4.6992e-08
  1.0820e+03   4.6996e-08
  1.0830e+03   4.7000e-08
  1.0840e+03   4.7004e-08
  1.0850e+03   4.7008e-08
  1.0860e+03   4.7012e-08
  1.0870e+03   4.7016e-08
  1.0880e+03   4.7020e-08
  1.0890e+03   4.7025e-08
  1.0900e+03   4.7029e-08
  1.0910e+03   4.7034e-08
  1.0920e+03   4.7038e-08
  1.0930e+03   4.7043e-08
  1.0940e+03   4.7048e-08
  1.0950e+03   4.7053e-08
  1.0960e+03   4.7058e-08
  1.0970e+03   4.7063e-08
  1.0980e+03   4.7068e-08
  1.0990e+03   4.7073e-08
  1.1000e+03   4.7078e-08
  1.1010e+03   4.7084e-08
  1.1020e+03   4.7089e-08
  1.1030e+03   4.7095e-08
  1.1040e+03   4.7100e-08
  1.1050e+03   4.7106e-08
  1.1060e+03   4.7112e-08
  1.1070e+03   4.7118e-08
  1.1080e+03   4.7124e-08
  1.1090e+03   4.7130e-08
  1.1100e+03   4.7136e-08
  1.1110e+03   4.7142e-08
  1.1120e+03   4.7149e-08
  1.1130e+03   4.7155e-08
  1.1140e+03   4.7162e-08
  1.1150e+03   4.7168e-08
  1.1160e+03   4.7175e-08
  1.1170e+03   4.7182e-08
  1.1180e+03   4.7188e-08
  1.1190e+03   4.7195e-08
  1.1200e+03   4.7202e-08
  1.1210e+03   4.7209e-08
  1.1220e+03   4.7216e-08
  1.1230e+03   4.7224e-08
  1.1240e+03   4.7231e-08
  1.1250e+03   4.7238e-08
  1.1260e+03   4.7246e-08
  1.1270e+03   4.7253e-08
  1.1280e+03   4.7261e-08
  1.1290e+03   4.7269e-08
  1.1300e+03   4.7277e-08
  1.1310e+03   4.7284e-08
  1.1320e+03   4.7292e-08
  1.1330e+03   4.7300e-08
  1.1340e+03   4.7309e-08
  1.1350e+03   4.7317e-08
  1.1360e+03   4.7325e-08
  1.1370e+03   4.7333e-08
  1.1380e+03   4.7342e-08
  1.1390e+03   4.7350e-08
  1.1400e+03   4.7359e-08
  1.1410e+03   4.7368e-08
  1.1420e+03   4.7376e-08
  1.1430e+03   4.7385e-08
  1.1440e+03   4.7394e-08
  1.1450e+03   4.7403e-08
  1.1460e+03   4.7412e-08
  1.1470e+03   4.7422e-08
  1.1480e+03   4.7431e-08
  1.1490e+03   4.7440e-08
  1.1500e+03   4.7450e-08
  1.1510e+03   4.7459e-08
  1.1520e+03   4.7469e-08
  1.1530e+03   4.7478e-08
  1.1540e+03   4.7488e-08
  1.1550e+03   4.7498e-08
  1.1560e+03   4.7508e-08
  1.1570e+03   4.7518e-08
  1.1580e+03   4.7528e-08
  1.1590e+03   4.7538e-08
  1.1600e+03   4.7548e-08
  1.1610e+03   4.7558e-08
  1.1620e+03   4.7569e-08
  1.1630e+03   4.7579e-08
  1.1640e+03   4.7590e-08
  1.1650e+03   4.7600e-08
  1.1660e+03   4.7611e-08
  1.1670e+03   4.7622e-08
  1.1680e+03   4.7632e-08
  1.1690e+03   4.7643e-08
  1.1700e+03   4.7654e-08
  1.1710e+03   4.7665e-08
  1.1720e+03   4.7676e-08
  1.1730e+03   4.7688e-08
  1.1740e+03   4.7699e-08
  1.1750e+03   4.7710e-08
  1.1760e+03   4.7722e-08
  1.1770e+03   4.7733e-08
  1.1780e+03   4.7745e-08
  1.1790e+03   4.7757e-08
  1.1800e+03   4.7768e-08
  1.1810e+03   4.7780e-08
  1.1820e+03   4.7792e-08
  1.1830e+03   4.7804e-08
  1.1840e+03   4.7816e-08
  1.1850e+03   4.7828e-08
  1.1860e+03   4.7840e-08
  1.1870e+03   4.7853e-08
  1.1880e+03   4.7865e-08
  1.1890e+03   4.7878e-08
  1.1900e+03   4.7890e-08
  1.1910e+03   4.7903e-08
  1.1920e+03   4.7915e-08
  1.1930e+03   4.7928e-08
  1.1940e+03   4.7941e-08
  1.1950e+03   4.7954e-08
  1.1960e+03   4.7967e-08
  1.1970e+03   4.7980e-08
  1.1980e+03   4.7993e-08
  1.1990e+03   4.8006e-08
  1.2000e+03   4.8019e-08
  1.2010e+03   4.8033e-08
  1.2020e+03   4.8046e-08
  1.2030e+03   4.8060e-08
  1.2040e+03   4.8073e-08
  1.2050e+03   4.8087e-08
  1.2060e+03   4.8101e-08
  1.2070e+03   4.8114e-08
  1.2080e+03   4.8128e-08
  1.2090e+03   4.8142e-08
  1.2100e+03   4.8156e-08
  1.2110e+03   4.8170e-08
  1.2120e+03   4.8185e-08
  1.2130e+03   4.8199e-08
  1.2140e+03   4.8213e-08
  1.2150e+03   4.8228e-08
  1.2160e+03   4.8242e-08
  1.2170e+03   4.8257e-08
  1.2180e+03   4.8271e-08
  1.2190e+03   4.8286e-08
  1.2200e+03   4.8301e-08
  1.2210e+03   4.8316e-08
  1.2220e+03   4.8331e-08
  1.2230e+03   4.8346e-08
  1.2240e+03   4.8361e-08
  1.2250e+03   4.8376e-08
  1.2260e+03   4.8391e-08
  1.2270e+03   4.8406e-08
  1.2280e+03   4.8422e-08
  1.2290e+03   4.8437e-08
  1.2300e+03   4.8453e-08
  1.2310e+03   4.8468e-08
  1.2320e+03   4.8484e-08
  1.2330e+03   4.8500e-08
  1.2340e+03   4.8515e-08
  1.2350e+03   4.8531e-08
  1.2360e+03   4.8547e-08
  1.2370e+03   4.8563e-08
  1.2380e+03   4.8579e-08
  1.2390e+03   4.8596e-08
  1.2400e+03   4.8612e-08
  1.2410e+03   4.8628e-08
  1.2420e+03   4.8645e-08
  1.2430e+03   4.8661e-08
  1.2440e+03   4.8678e-08
  1.2450e+03   4.8694e-08
  1.2460e+03   4.8711e-08
  1.2470e+03   4.8728e-08
  1.2480e+03   4.8744e-08
  1.2490e+03   4.8761e-08
  1.2500e+03   4.8778e-08
