# Best fit model.
# chi^2=2.465400e+01.
# z_eff=0.783228.
# Parameters:   1.2991e+00   1.1800e+00  -3.5715e-01  -3.5563e-01   3.1430e+00   9.6186e-01
#         ell        C_l_a        C_l_x
   0.0000e+00   3.6995e-06   8.8516e-08
   1.0000e+00   6.3389e-06   1.6761e-07
   2.0000e+00   8.8157e-06   2.4131e-07
   3.0000e+00   1.1136e-05   3.0985e-07
   4.0000e+00   1.3305e-05   3.7345e-07
   5.0000e+00   1.5330e-05   4.3234e-07
   6.0000e+00   1.7217e-05   4.8673e-07
   7.0000e+00   1.8971e-05   5.3686e-07
   8.0000e+00   2.0598e-05   5.8296e-07
   9.0000e+00   2.2105e-05   6.2524e-07
   1.0000e+01   2.3497e-05   6.6394e-07
   1.1000e+01   2.4781e-05   6.9927e-07
   1.2000e+01   2.5962e-05   7.3147e-07
   1.3000e+01   2.7046e-05   7.6074e-07
   1.4000e+01   2.8039e-05   7.8730e-07
   1.5000e+01   2.8946e-05   8.1131e-07
   1.6000e+01   2.9770e-05   8.3295e-07
   1.7000e+01   3.0518e-05   8.5236e-07
   1.8000e+01   3.1191e-05   8.6968e-07
   1.9000e+01   3.1795e-05   8.8502e-07
   2.0000e+01   3.2333e-05   8.9851e-07
   2.1000e+01   3.2809e-05   9.1025e-07
   2.2000e+01   3.3225e-05   9.2034e-07
   2.3000e+01   3.3585e-05   9.2887e-07
   2.4000e+01   3.3892e-05   9.3593e-07
   2.5000e+01   3.4148e-05   9.4160e-07
   2.6000e+01   3.4357e-05   9.4597e-07
   2.7000e+01   3.4519e-05   9.4911e-07
   2.8000e+01   3.4640e-05   9.5109e-07
   2.9000e+01   3.4719e-05   9.5198e-07
   3.0000e+01   3.4761e-05   9.5185e-07
   3.1000e+01   3.4766e-05   9.5075e-07
   3.2000e+01   3.4738e-05   9.4876e-07
   3.3000e+01   3.4678e-05   9.4592e-07
   3.4000e+01   3.4589e-05   9.4230e-07
   3.5000e+01   3.4472e-05   9.3794e-07
   3.6000e+01   3.4328e-05   9.3291e-07
   3.7000e+01   3.4161e-05   9.2724e-07
   3.8000e+01   3.3972e-05   9.2100e-07
   3.9000e+01   3.3761e-05   9.1421e-07
   4.0000e+01   3.3532e-05   9.0694e-07
   4.1000e+01   3.3285e-05   8.9922e-07
   4.2000e+01   3.3023e-05   8.9109e-07
   4.3000e+01   3.2746e-05   8.8259e-07
   4.4000e+01   3.2456e-05   8.7377e-07
   4.5000e+01   3.2154e-05   8.6466e-07
   4.6000e+01   3.1843e-05   8.5529e-07
   4.7000e+01   3.1522e-05   8.4570e-07
   4.8000e+01   3.1193e-05   8.3592e-07
   4.9000e+01   3.0858e-05   8.2598e-07
   5.0000e+01   3.0517e-05   8.1591e-07
   5.1000e+01   3.0171e-05   8.0575e-07
   5.2000e+01   2.9822e-05   7.9550e-07
   5.3000e+01   2.9471e-05   7.8521e-07
   5.4000e+01   2.9118e-05   7.7489e-07
   5.5000e+01   2.8764e-05   7.6457e-07
   5.6000e+01   2.8410e-05   7.5427e-07
   5.7000e+01   2.8057e-05   7.4400e-07
   5.8000e+01   2.7705e-05   7.3379e-07
   5.9000e+01   2.7355e-05   7.2365e-07
   6.0000e+01   2.7008e-05   7.1360e-07
   6.1000e+01   2.6665e-05   7.0366e-07
   6.2000e+01   2.6325e-05   6.9382e-07
   6.3000e+01   2.5990e-05   6.8412e-07
   6.4000e+01   2.5659e-05   6.7456e-07
   6.5000e+01   2.5333e-05   6.6514e-07
   6.6000e+01   2.5013e-05   6.5588e-07
   6.7000e+01   2.4698e-05   6.4678e-07
   6.8000e+01   2.4389e-05   6.3785e-07
   6.9000e+01   2.4086e-05   6.2909e-07
   7.0000e+01   2.3789e-05   6.2051e-07
   7.1000e+01   2.3498e-05   6.1212e-07
   7.2000e+01   2.3214e-05   6.0391e-07
   7.3000e+01   2.2936e-05   5.9590e-07
   7.4000e+01   2.2666e-05   5.8809e-07
   7.5000e+01   2.2403e-05   5.8048e-07
   7.6000e+01   2.2147e-05   5.7307e-07
   7.7000e+01   2.1898e-05   5.6586e-07
   7.8000e+01   2.1657e-05   5.5886e-07
   7.9000e+01   2.1423e-05   5.5206e-07
   8.0000e+01   2.1197e-05   5.4547e-07
   8.1000e+01   2.0979e-05   5.3908e-07
   8.2000e+01   2.0767e-05   5.3289e-07
   8.3000e+01   2.0563e-05   5.2690e-07
   8.4000e+01   2.0366e-05   5.2110e-07
   8.5000e+01   2.0175e-05   5.1549e-07
   8.6000e+01   1.9992e-05   5.1007e-07
   8.7000e+01   1.9814e-05   5.0482e-07
   8.8000e+01   1.9643e-05   4.9975e-07
   8.9000e+01   1.9479e-05   4.9485e-07
   9.0000e+01   1.9320e-05   4.9010e-07
   9.1000e+01   1.9166e-05   4.8552e-07
   9.2000e+01   1.9018e-05   4.8108e-07
   9.3000e+01   1.8875e-05   4.7679e-07
   9.4000e+01   1.8737e-05   4.7263e-07
   9.5000e+01   1.8604e-05   4.6861e-07
   9.6000e+01   1.8475e-05   4.6471e-07
   9.7000e+01   1.8350e-05   4.6093e-07
   9.8000e+01   1.8230e-05   4.5727e-07
   9.9000e+01   1.8113e-05   4.5371e-07
   1.0000e+02   1.8000e-05   4.5026e-07
   1.0100e+02   1.7890e-05   4.4691e-07
   1.0200e+02   1.7783e-05   4.4365e-07
   1.0300e+02   1.7680e-05   4.4048e-07
   1.0400e+02   1.7580e-05   4.3739e-07
   1.0500e+02   1.7482e-05   4.3437e-07
   1.0600e+02   1.7387e-05   4.3143e-07
   1.0700e+02   1.7295e-05   4.2856e-07
   1.0800e+02   1.7205e-05   4.2575e-07
   1.0900e+02   1.7117e-05   4.2300e-07
   1.1000e+02   1.7031e-05   4.2030e-07
   1.1100e+02   1.6946e-05   4.1764e-07
   1.1200e+02   1.6863e-05   4.1503e-07
   1.1300e+02   1.6782e-05   4.1246e-07
   1.1400e+02   1.6701e-05   4.0991e-07
   1.1500e+02   1.6621e-05   4.0739e-07
   1.1600e+02   1.6542e-05   4.0489e-07
   1.1700e+02   1.6462e-05   4.0240e-07
   1.1800e+02   1.6383e-05   3.9993e-07
   1.1900e+02   1.6304e-05   3.9746e-07
   1.2000e+02   1.6225e-05   3.9500e-07
   1.2100e+02   1.6145e-05   3.9254e-07
   1.2200e+02   1.6066e-05   3.9008e-07
   1.2300e+02   1.5985e-05   3.8761e-07
   1.2400e+02   1.5905e-05   3.8514e-07
   1.2500e+02   1.5823e-05   3.8266e-07
   1.2600e+02   1.5741e-05   3.8016e-07
   1.2700e+02   1.5658e-05   3.7764e-07
   1.2800e+02   1.5575e-05   3.7512e-07
   1.2900e+02   1.5490e-05   3.7257e-07
   1.3000e+02   1.5405e-05   3.7001e-07
   1.3100e+02   1.5318e-05   3.6742e-07
   1.3200e+02   1.5231e-05   3.6483e-07
   1.3300e+02   1.5143e-05   3.6221e-07
   1.3400e+02   1.5053e-05   3.5957e-07
   1.3500e+02   1.4963e-05   3.5691e-07
   1.3600e+02   1.4872e-05   3.5423e-07
   1.3700e+02   1.4780e-05   3.5154e-07
   1.3800e+02   1.4687e-05   3.4882e-07
   1.3900e+02   1.4592e-05   3.4608e-07
   1.4000e+02   1.4498e-05   3.4333e-07
   1.4100e+02   1.4402e-05   3.4057e-07
   1.4200e+02   1.4305e-05   3.3779e-07
   1.4300e+02   1.4208e-05   3.3499e-07
   1.4400e+02   1.4110e-05   3.3219e-07
   1.4500e+02   1.4012e-05   3.2937e-07
   1.4600e+02   1.3913e-05   3.2654e-07
   1.4700e+02   1.3813e-05   3.2371e-07
   1.4800e+02   1.3714e-05   3.2087e-07
   1.4900e+02   1.3613e-05   3.1802e-07
   1.5000e+02   1.3513e-05   3.1517e-07
   1.5100e+02   1.3412e-05   3.1232e-07
   1.5200e+02   1.3311e-05   3.0948e-07
   1.5300e+02   1.3210e-05   3.0663e-07
   1.5400e+02   1.3110e-05   3.0379e-07
   1.5500e+02   1.3009e-05   3.0096e-07
   1.5600e+02   1.2909e-05   2.9814e-07
   1.5700e+02   1.2808e-05   2.9532e-07
   1.5800e+02   1.2709e-05   2.9253e-07
   1.5900e+02   1.2610e-05   2.8974e-07
   1.6000e+02   1.2511e-05   2.8697e-07
   1.6100e+02   1.2413e-05   2.8422e-07
   1.6200e+02   1.2315e-05   2.8149e-07
   1.6300e+02   1.2219e-05   2.7878e-07
   1.6400e+02   1.2123e-05   2.7609e-07
   1.6500e+02   1.2028e-05   2.7343e-07
   1.6600e+02   1.1934e-05   2.7079e-07
   1.6700e+02   1.1841e-05   2.6818e-07
   1.6800e+02   1.1749e-05   2.6560e-07
   1.6900e+02   1.1658e-05   2.6305e-07
   1.7000e+02   1.1568e-05   2.6053e-07
   1.7100e+02   1.1479e-05   2.5805e-07
   1.7200e+02   1.1392e-05   2.5559e-07
   1.7300e+02   1.1306e-05   2.5318e-07
   1.7400e+02   1.1222e-05   2.5080e-07
   1.7500e+02   1.1138e-05   2.4845e-07
   1.7600e+02   1.1057e-05   2.4614e-07
   1.7700e+02   1.0976e-05   2.4387e-07
   1.7800e+02   1.0897e-05   2.4164e-07
   1.7900e+02   1.0819e-05   2.3944e-07
   1.8000e+02   1.0742e-05   2.3728e-07
   1.8100e+02   1.0667e-05   2.3516e-07
   1.8200e+02   1.0593e-05   2.3308e-07
   1.8300e+02   1.0520e-05   2.3104e-07
   1.8400e+02   1.0449e-05   2.2904e-07
   1.8500e+02   1.0380e-05   2.2709e-07
   1.8600e+02   1.0311e-05   2.2517e-07
   1.8700e+02   1.0244e-05   2.2329e-07
   1.8800e+02   1.0179e-05   2.2145e-07
   1.8900e+02   1.0115e-05   2.1966e-07
   1.9000e+02   1.0052e-05   2.1790e-07
   1.9100e+02   9.9909e-06   2.1618e-07
   1.9200e+02   9.9312e-06   2.1450e-07
   1.9300e+02   9.8730e-06   2.1286e-07
   1.9400e+02   9.8162e-06   2.1126e-07
   1.9500e+02   9.7609e-06   2.0970e-07
   1.9600e+02   9.7072e-06   2.0817e-07
   1.9700e+02   9.6549e-06   2.0668e-07
   1.9800e+02   9.6042e-06   2.0523e-07
   1.9900e+02   9.5551e-06   2.0382e-07
   2.0000e+02   9.5074e-06   2.0244e-07
   2.0100e+02   9.4613e-06   2.0110e-07
   2.0200e+02   9.4166e-06   1.9980e-07
   2.0300e+02   9.3732e-06   1.9852e-07
   2.0400e+02   9.3312e-06   1.9728e-07
   2.0500e+02   9.2905e-06   1.9607e-07
   2.0600e+02   9.2511e-06   1.9489e-07
   2.0700e+02   9.2128e-06   1.9374e-07
   2.0800e+02   9.1756e-06   1.9262e-07
   2.0900e+02   9.1395e-06   1.9153e-07
   2.1000e+02   9.1044e-06   1.9046e-07
   2.1100e+02   9.0704e-06   1.8942e-07
   2.1200e+02   9.0372e-06   1.8840e-07
   2.1300e+02   9.0049e-06   1.8740e-07
   2.1400e+02   8.9734e-06   1.8642e-07
   2.1500e+02   8.9428e-06   1.8547e-07
   2.1600e+02   8.9128e-06   1.8454e-07
   2.1700e+02   8.8835e-06   1.8362e-07
   2.1800e+02   8.8549e-06   1.8272e-07
   2.1900e+02   8.8268e-06   1.8184e-07
   2.2000e+02   8.7993e-06   1.8098e-07
   2.2100e+02   8.7723e-06   1.8013e-07
   2.2200e+02   8.7457e-06   1.7929e-07
   2.2300e+02   8.7195e-06   1.7846e-07
   2.2400e+02   8.6937e-06   1.7765e-07
   2.2500e+02   8.6682e-06   1.7684e-07
   2.2600e+02   8.6430e-06   1.7605e-07
   2.2700e+02   8.6180e-06   1.7526e-07
   2.2800e+02   8.5931e-06   1.7448e-07
   2.2900e+02   8.5684e-06   1.7371e-07
   2.3000e+02   8.5438e-06   1.7294e-07
   2.3100e+02   8.5192e-06   1.7217e-07
   2.3200e+02   8.4946e-06   1.7141e-07
   2.3300e+02   8.4700e-06   1.7065e-07
   2.3400e+02   8.4453e-06   1.6989e-07
   2.3500e+02   8.4206e-06   1.6913e-07
   2.3600e+02   8.3958e-06   1.6837e-07
   2.3700e+02   8.3708e-06   1.6761e-07
   2.3800e+02   8.3458e-06   1.6685e-07
   2.3900e+02   8.3206e-06   1.6610e-07
   2.4000e+02   8.2953e-06   1.6534e-07
   2.4100e+02   8.2699e-06   1.6458e-07
   2.4200e+02   8.2443e-06   1.6382e-07
   2.4300e+02   8.2185e-06   1.6306e-07
   2.4400e+02   8.1925e-06   1.6229e-07
   2.4500e+02   8.1664e-06   1.6153e-07
   2.4600e+02   8.1400e-06   1.6076e-07
   2.4700e+02   8.1134e-06   1.5998e-07
   2.4800e+02   8.0865e-06   1.5921e-07
   2.4900e+02   8.0594e-06   1.5843e-07
   2.5000e+02   8.0320e-06   1.5765e-07
   2.5100e+02   8.0043e-06   1.5686e-07
   2.5200e+02   7.9764e-06   1.5607e-07
   2.5300e+02   7.9482e-06   1.5527e-07
   2.5400e+02   7.9197e-06   1.5447e-07
   2.5500e+02   7.8910e-06   1.5367e-07
   2.5600e+02   7.8622e-06   1.5287e-07
   2.5700e+02   7.8331e-06   1.5206e-07
   2.5800e+02   7.8038e-06   1.5125e-07
   2.5900e+02   7.7744e-06   1.5043e-07
   2.6000e+02   7.7448e-06   1.4962e-07
   2.6100e+02   7.7150e-06   1.4880e-07
   2.6200e+02   7.6852e-06   1.4798e-07
   2.6300e+02   7.6552e-06   1.4716e-07
   2.6400e+02   7.6251e-06   1.4634e-07
   2.6500e+02   7.5950e-06   1.4552e-07
   2.6600e+02   7.5648e-06   1.4470e-07
   2.6700e+02   7.5345e-06   1.4388e-07
   2.6800e+02   7.5042e-06   1.4306e-07
   2.6900e+02   7.4739e-06   1.4223e-07
   2.7000e+02   7.4436e-06   1.4141e-07
   2.7100e+02   7.4132e-06   1.4059e-07
   2.7200e+02   7.3829e-06   1.3978e-07
   2.7300e+02   7.3527e-06   1.3896e-07
   2.7400e+02   7.3225e-06   1.3814e-07
   2.7500e+02   7.2923e-06   1.3733e-07
   2.7600e+02   7.2623e-06   1.3652e-07
   2.7700e+02   7.2323e-06   1.3571e-07
   2.7800e+02   7.2025e-06   1.3491e-07
   2.7900e+02   7.1728e-06   1.3411e-07
   2.8000e+02   7.1432e-06   1.3331e-07
   2.8100e+02   7.1138e-06   1.3252e-07
   2.8200e+02   7.0846e-06   1.3173e-07
   2.8300e+02   7.0556e-06   1.3095e-07
   2.8400e+02   7.0268e-06   1.3017e-07
   2.8500e+02   6.9982e-06   1.2940e-07
   2.8600e+02   6.9698e-06   1.2863e-07
   2.8700e+02   6.9417e-06   1.2787e-07
   2.8800e+02   6.9139e-06   1.2712e-07
   2.8900e+02   6.8863e-06   1.2637e-07
   2.9000e+02   6.8591e-06   1.2563e-07
   2.9100e+02   6.8321e-06   1.2490e-07
   2.9200e+02   6.8055e-06   1.2417e-07
   2.9300e+02   6.7793e-06   1.2346e-07
   2.9400e+02   6.7534e-06   1.2275e-07
   2.9500e+02   6.7278e-06   1.2205e-07
   2.9600e+02   6.7026e-06   1.2136e-07
   2.9700e+02   6.6777e-06   1.2067e-07
   2.9800e+02   6.6531e-06   1.2000e-07
   2.9900e+02   6.6290e-06   1.1933e-07
   3.0000e+02   6.6051e-06   1.1867e-07
   3.0100e+02   6.5816e-06   1.1802e-07
   3.0200e+02   6.5585e-06   1.1738e-07
   3.0300e+02   6.5357e-06   1.1674e-07
   3.0400e+02   6.5133e-06   1.1612e-07
   3.0500e+02   6.4913e-06   1.1550e-07
   3.0600e+02   6.4695e-06   1.1489e-07
   3.0700e+02   6.4482e-06   1.1429e-07
   3.0800e+02   6.4272e-06   1.1370e-07
   3.0900e+02   6.4066e-06   1.1312e-07
   3.1000e+02   6.3863e-06   1.1254e-07
   3.1100e+02   6.3664e-06   1.1197e-07
   3.1200e+02   6.3469e-06   1.1142e-07
   3.1300e+02   6.3277e-06   1.1087e-07
   3.1400e+02   6.3089e-06   1.1033e-07
   3.1500e+02   6.2905e-06   1.0980e-07
   3.1600e+02   6.2725e-06   1.0927e-07
   3.1700e+02   6.2548e-06   1.0876e-07
   3.1800e+02   6.2374e-06   1.0825e-07
   3.1900e+02   6.2204e-06   1.0775e-07
   3.2000e+02   6.2037e-06   1.0726e-07
   3.2100e+02   6.1874e-06   1.0678e-07
   3.2200e+02   6.1713e-06   1.0631e-07
   3.2300e+02   6.1556e-06   1.0584e-07
   3.2400e+02   6.1401e-06   1.0538e-07
   3.2500e+02   6.1249e-06   1.0492e-07
   3.2600e+02   6.1100e-06   1.0448e-07
   3.2700e+02   6.0953e-06   1.0404e-07
   3.2800e+02   6.0809e-06   1.0360e-07
   3.2900e+02   6.0667e-06   1.0317e-07
   3.3000e+02   6.0528e-06   1.0275e-07
   3.3100e+02   6.0390e-06   1.0233e-07
   3.3200e+02   6.0255e-06   1.0192e-07
   3.3300e+02   6.0122e-06   1.0152e-07
   3.3400e+02   5.9990e-06   1.0112e-07
   3.3500e+02   5.9861e-06   1.0072e-07
   3.3600e+02   5.9733e-06   1.0033e-07
   3.3700e+02   5.9606e-06   9.9944e-08
   3.3800e+02   5.9481e-06   9.9562e-08
   3.3900e+02   5.9358e-06   9.9184e-08
   3.4000e+02   5.9236e-06   9.8809e-08
   3.4100e+02   5.9114e-06   9.8439e-08
   3.4200e+02   5.8994e-06   9.8072e-08
   3.4300e+02   5.8875e-06   9.7709e-08
   3.4400e+02   5.8757e-06   9.7349e-08
   3.4500e+02   5.8640e-06   9.6992e-08
   3.4600e+02   5.8524e-06   9.6639e-08
   3.4700e+02   5.8409e-06   9.6288e-08
   3.4800e+02   5.8294e-06   9.5941e-08
   3.4900e+02   5.8181e-06   9.5596e-08
   3.5000e+02   5.8067e-06   9.5253e-08
   3.5100e+02   5.7955e-06   9.4913e-08
   3.5200e+02   5.7843e-06   9.4575e-08
   3.5300e+02   5.7731e-06   9.4240e-08
   3.5400e+02   5.7620e-06   9.3907e-08
   3.5500e+02   5.7510e-06   9.3575e-08
   3.5600e+02   5.7399e-06   9.3246e-08
   3.5700e+02   5.7289e-06   9.2918e-08
   3.5800e+02   5.7180e-06   9.2592e-08
   3.5900e+02   5.7070e-06   9.2267e-08
   3.6000e+02   5.6960e-06   9.1943e-08
   3.6100e+02   5.6851e-06   9.1621e-08
   3.6200e+02   5.6741e-06   9.1300e-08
   3.6300e+02   5.6632e-06   9.0979e-08
   3.6400e+02   5.6522e-06   9.0660e-08
   3.6500e+02   5.6412e-06   9.0341e-08
   3.6600e+02   5.6302e-06   9.0022e-08
   3.6700e+02   5.6192e-06   8.9705e-08
   3.6800e+02   5.6081e-06   8.9387e-08
   3.6900e+02   5.5971e-06   8.9070e-08
   3.7000e+02   5.5859e-06   8.8753e-08
   3.7100e+02   5.5748e-06   8.8436e-08
   3.7200e+02   5.5636e-06   8.8120e-08
   3.7300e+02   5.5524e-06   8.7804e-08
   3.7400e+02   5.5412e-06   8.7489e-08
   3.7500e+02   5.5300e-06   8.7174e-08
   3.7600e+02   5.5187e-06   8.6860e-08
   3.7700e+02   5.5075e-06   8.6546e-08
   3.7800e+02   5.4962e-06   8.6233e-08
   3.7900e+02   5.4849e-06   8.5921e-08
   3.8000e+02   5.4737e-06   8.5609e-08
   3.8100e+02   5.4624e-06   8.5298e-08
   3.8200e+02   5.4511e-06   8.4987e-08
   3.8300e+02   5.4399e-06   8.4677e-08
   3.8400e+02   5.4286e-06   8.4368e-08
   3.8500e+02   5.4174e-06   8.4060e-08
   3.8600e+02   5.4061e-06   8.3752e-08
   3.8700e+02   5.3949e-06   8.3445e-08
   3.8800e+02   5.3837e-06   8.3139e-08
   3.8900e+02   5.3725e-06   8.2834e-08
   3.9000e+02   5.3613e-06   8.2530e-08
   3.9100e+02   5.3502e-06   8.2226e-08
   3.9200e+02   5.3390e-06   8.1924e-08
   3.9300e+02   5.3279e-06   8.1623e-08
   3.9400e+02   5.3169e-06   8.1322e-08
   3.9500e+02   5.3058e-06   8.1023e-08
   3.9600e+02   5.2948e-06   8.0725e-08
   3.9700e+02   5.2839e-06   8.0427e-08
   3.9800e+02   5.2730e-06   8.0131e-08
   3.9900e+02   5.2621e-06   7.9836e-08
   4.0000e+02   5.2513e-06   7.9543e-08
   4.0100e+02   5.2405e-06   7.9250e-08
   4.0200e+02   5.2297e-06   7.8959e-08
   4.0300e+02   5.2190e-06   7.8669e-08
   4.0400e+02   5.2084e-06   7.8380e-08
   4.0500e+02   5.1978e-06   7.8092e-08
   4.0600e+02   5.1873e-06   7.7806e-08
   4.0700e+02   5.1768e-06   7.7522e-08
   4.0800e+02   5.1664e-06   7.7239e-08
   4.0900e+02   5.1561e-06   7.6957e-08
   4.1000e+02   5.1458e-06   7.6677e-08
   4.1100e+02   5.1356e-06   7.6398e-08
   4.1200e+02   5.1254e-06   7.6121e-08
   4.1300e+02   5.1153e-06   7.5846e-08
   4.1400e+02   5.1053e-06   7.5572e-08
   4.1500e+02   5.0954e-06   7.5301e-08
   4.1600e+02   5.0855e-06   7.5030e-08
   4.1700e+02   5.0757e-06   7.4762e-08
   4.1800e+02   5.0660e-06   7.4495e-08
   4.1900e+02   5.0564e-06   7.4230e-08
   4.2000e+02   5.0468e-06   7.3967e-08
   4.2100e+02   5.0373e-06   7.3706e-08
   4.2200e+02   5.0280e-06   7.3447e-08
   4.2300e+02   5.0187e-06   7.3190e-08
   4.2400e+02   5.0095e-06   7.2935e-08
   4.2500e+02   5.0004e-06   7.2682e-08
   4.2600e+02   4.9913e-06   7.2430e-08
   4.2700e+02   4.9824e-06   7.2182e-08
   4.2800e+02   4.9736e-06   7.1935e-08
   4.2900e+02   4.9649e-06   7.1690e-08
   4.3000e+02   4.9562e-06   7.1448e-08
   4.3100e+02   4.9477e-06   7.1207e-08
   4.3200e+02   4.9393e-06   7.0969e-08
   4.3300e+02   4.9309e-06   7.0732e-08
   4.3400e+02   4.9227e-06   7.0498e-08
   4.3500e+02   4.9145e-06   7.0266e-08
   4.3600e+02   4.9064e-06   7.0036e-08
   4.3700e+02   4.8984e-06   6.9807e-08
   4.3800e+02   4.8905e-06   6.9581e-08
   4.3900e+02   4.8827e-06   6.9356e-08
   4.4000e+02   4.8749e-06   6.9134e-08
   4.4100e+02   4.8672e-06   6.8913e-08
   4.4200e+02   4.8596e-06   6.8694e-08
   4.4300e+02   4.8521e-06   6.8477e-08
   4.4400e+02   4.8446e-06   6.8261e-08
   4.4500e+02   4.8372e-06   6.8048e-08
   4.4600e+02   4.8299e-06   6.7836e-08
   4.4700e+02   4.8227e-06   6.7626e-08
   4.4800e+02   4.8155e-06   6.7417e-08
   4.4900e+02   4.8084e-06   6.7210e-08
   4.5000e+02   4.8013e-06   6.7005e-08
   4.5100e+02   4.7943e-06   6.6801e-08
   4.5200e+02   4.7873e-06   6.6598e-08
   4.5300e+02   4.7805e-06   6.6398e-08
   4.5400e+02   4.7736e-06   6.6198e-08
   4.5500e+02   4.7668e-06   6.6001e-08
   4.5600e+02   4.7601e-06   6.5804e-08
   4.5700e+02   4.7534e-06   6.5609e-08
   4.5800e+02   4.7468e-06   6.5416e-08
   4.5900e+02   4.7402e-06   6.5224e-08
   4.6000e+02   4.7337e-06   6.5033e-08
   4.6100e+02   4.7272e-06   6.4844e-08
   4.6200e+02   4.7207e-06   6.4655e-08
   4.6300e+02   4.7143e-06   6.4468e-08
   4.6400e+02   4.7079e-06   6.4283e-08
   4.6500e+02   4.7016e-06   6.4098e-08
   4.6600e+02   4.6952e-06   6.3915e-08
   4.6700e+02   4.6890e-06   6.3733e-08
   4.6800e+02   4.6827e-06   6.3552e-08
   4.6900e+02   4.6765e-06   6.3372e-08
   4.7000e+02   4.6703e-06   6.3194e-08
   4.7100e+02   4.6642e-06   6.3016e-08
   4.7200e+02   4.6581e-06   6.2840e-08
   4.7300e+02   4.6520e-06   6.2664e-08
   4.7400e+02   4.6460e-06   6.2490e-08
   4.7500e+02   4.6400e-06   6.2317e-08
   4.7600e+02   4.6340e-06   6.2144e-08
   4.7700e+02   4.6280e-06   6.1973e-08
   4.7800e+02   4.6221e-06   6.1803e-08
   4.7900e+02   4.6162e-06   6.1633e-08
   4.8000e+02   4.6103e-06   6.1465e-08
   4.8100e+02   4.6044e-06   6.1297e-08
   4.8200e+02   4.5986e-06   6.1131e-08
   4.8300e+02   4.5928e-06   6.0965e-08
   4.8400e+02   4.5870e-06   6.0800e-08
   4.8500e+02   4.5813e-06   6.0636e-08
   4.8600e+02   4.5755e-06   6.0473e-08
   4.8700e+02   4.5698e-06   6.0310e-08
   4.8800e+02   4.5641e-06   6.0149e-08
   4.8900e+02   4.5584e-06   5.9988e-08
   4.9000e+02   4.5528e-06   5.9828e-08
   4.9100e+02   4.5471e-06   5.9668e-08
   4.9200e+02   4.5415e-06   5.9510e-08
   4.9300e+02   4.5359e-06   5.9352e-08
   4.9400e+02   4.5303e-06   5.9194e-08
   4.9500e+02   4.5247e-06   5.9037e-08
   4.9600e+02   4.5191e-06   5.8881e-08
   4.9700e+02   4.5136e-06   5.8726e-08
   4.9800e+02   4.5080e-06   5.8571e-08
   4.9900e+02   4.5025e-06   5.8416e-08
   5.0000e+02   4.4970e-06   5.8263e-08
   5.0100e+02   4.4915e-06   5.8109e-08
   5.0200e+02   4.4860e-06   5.7957e-08
   5.0300e+02   4.4805e-06   5.7805e-08
   5.0400e+02   4.4750e-06   5.7653e-08
   5.0500e+02   4.4696e-06   5.7502e-08
   5.0600e+02   4.4641e-06   5.7352e-08
   5.0700e+02   4.4587e-06   5.7202e-08
   5.0800e+02   4.4533e-06   5.7053e-08
   5.0900e+02   4.4479e-06   5.6904e-08
   5.1000e+02   4.4425e-06   5.6756e-08
   5.1100e+02   4.4372e-06   5.6608e-08
   5.1200e+02   4.4318e-06   5.6461e-08
   5.1300e+02   4.4265e-06   5.6315e-08
   5.1400e+02   4.4212e-06   5.6169e-08
   5.1500e+02   4.4159e-06   5.6024e-08
   5.1600e+02   4.4106e-06   5.5879e-08
   5.1700e+02   4.4053e-06   5.5735e-08
   5.1800e+02   4.4001e-06   5.5592e-08
   5.1900e+02   4.3948e-06   5.5449e-08
   5.2000e+02   4.3896e-06   5.5307e-08
   5.2100e+02   4.3844e-06   5.5165e-08
   5.2200e+02   4.3793e-06   5.5024e-08
   5.2300e+02   4.3741e-06   5.4884e-08
   5.2400e+02   4.3690e-06   5.4744e-08
   5.2500e+02   4.3639e-06   5.4605e-08
   5.2600e+02   4.3588e-06   5.4466e-08
   5.2700e+02   4.3538e-06   5.4329e-08
   5.2800e+02   4.3487e-06   5.4191e-08
   5.2900e+02   4.3437e-06   5.4055e-08
   5.3000e+02   4.3387e-06   5.3918e-08
   5.3100e+02   4.3338e-06   5.3783e-08
   5.3200e+02   4.3288e-06   5.3648e-08
   5.3300e+02   4.3239e-06   5.3514e-08
   5.3400e+02   4.3190e-06   5.3381e-08
   5.3500e+02   4.3142e-06   5.3248e-08
   5.3600e+02   4.3093e-06   5.3115e-08
   5.3700e+02   4.3045e-06   5.2984e-08
   5.3800e+02   4.2998e-06   5.2853e-08
   5.3900e+02   4.2950e-06   5.2722e-08
   5.4000e+02   4.2903e-06   5.2593e-08
   5.4100e+02   4.2856e-06   5.2464e-08
   5.4200e+02   4.2809e-06   5.2335e-08
   5.4300e+02   4.2763e-06   5.2208e-08
   5.4400e+02   4.2716e-06   5.2080e-08
   5.4500e+02   4.2670e-06   5.1954e-08
   5.4600e+02   4.2625e-06   5.1828e-08
   5.4700e+02   4.2579e-06   5.1703e-08
   5.4800e+02   4.2534e-06   5.1578e-08
   5.4900e+02   4.2489e-06   5.1454e-08
   5.5000e+02   4.2445e-06   5.1331e-08
   5.5100e+02   4.2400e-06   5.1208e-08
   5.5200e+02   4.2356e-06   5.1086e-08
   5.5300e+02   4.2312e-06   5.0964e-08
   5.5400e+02   4.2269e-06   5.0843e-08
   5.5500e+02   4.2225e-06   5.0723e-08
   5.5600e+02   4.2182e-06   5.0603e-08
   5.5700e+02   4.2139e-06   5.0484e-08
   5.5800e+02   4.2096e-06   5.0365e-08
   5.5900e+02   4.2054e-06   5.0247e-08
   5.6000e+02   4.2012e-06   5.0130e-08
   5.6100e+02   4.1970e-06   5.0013e-08
   5.6200e+02   4.1928e-06   4.9897e-08
   5.6300e+02   4.1886e-06   4.9781e-08
   5.6400e+02   4.1845e-06   4.9666e-08
   5.6500e+02   4.1804e-06   4.9551e-08
   5.6600e+02   4.1763e-06   4.9437e-08
   5.6700e+02   4.1722e-06   4.9324e-08
   5.6800e+02   4.1682e-06   4.9211e-08
   5.6900e+02   4.1641e-06   4.9099e-08
   5.7000e+02   4.1601e-06   4.8987e-08
   5.7100e+02   4.1562e-06   4.8876e-08
   5.7200e+02   4.1522e-06   4.8765e-08
   5.7300e+02   4.1482e-06   4.8655e-08
   5.7400e+02   4.1443e-06   4.8545e-08
   5.7500e+02   4.1404e-06   4.8436e-08
   5.7600e+02   4.1365e-06   4.8328e-08
   5.7700e+02   4.1326e-06   4.8220e-08
   5.7800e+02   4.1288e-06   4.8112e-08
   5.7900e+02   4.1250e-06   4.8005e-08
   5.8000e+02   4.1212e-06   4.7899e-08
   5.8100e+02   4.1174e-06   4.7793e-08
   5.8200e+02   4.1136e-06   4.7687e-08
   5.8300e+02   4.1098e-06   4.7583e-08
   5.8400e+02   4.1061e-06   4.7478e-08
   5.8500e+02   4.1024e-06   4.7374e-08
   5.8600e+02   4.0987e-06   4.7271e-08
   5.8700e+02   4.0950e-06   4.7168e-08
   5.8800e+02   4.0913e-06   4.7066e-08
   5.8900e+02   4.0876e-06   4.6964e-08
   5.9000e+02   4.0840e-06   4.6862e-08
   5.9100e+02   4.0804e-06   4.6762e-08
   5.9200e+02   4.0768e-06   4.6661e-08
   5.9300e+02   4.0732e-06   4.6561e-08
   5.9400e+02   4.0696e-06   4.6462e-08
   5.9500e+02   4.0660e-06   4.6362e-08
   5.9600e+02   4.0625e-06   4.6264e-08
   5.9700e+02   4.0590e-06   4.6166e-08
   5.9800e+02   4.0555e-06   4.6068e-08
   5.9900e+02   4.0520e-06   4.5971e-08
   6.0000e+02   4.0485e-06   4.5874e-08
   6.0100e+02   4.0450e-06   4.5778e-08
   6.0200e+02   4.0415e-06   4.5682e-08
   6.0300e+02   4.0381e-06   4.5586e-08
   6.0400e+02   4.0347e-06   4.5491e-08
   6.0500e+02   4.0313e-06   4.5396e-08
   6.0600e+02   4.0279e-06   4.5302e-08
   6.0700e+02   4.0245e-06   4.5208e-08
   6.0800e+02   4.0211e-06   4.5115e-08
   6.0900e+02   4.0177e-06   4.5022e-08
   6.1000e+02   4.0144e-06   4.4929e-08
   6.1100e+02   4.0111e-06   4.4837e-08
   6.1200e+02   4.0077e-06   4.4745e-08
   6.1300e+02   4.0044e-06   4.4653e-08
   6.1400e+02   4.0011e-06   4.4562e-08
   6.1500e+02   3.9979e-06   4.4472e-08
   6.1600e+02   3.9946e-06   4.4381e-08
   6.1700e+02   3.9913e-06   4.4291e-08
   6.1800e+02   3.9881e-06   4.4202e-08
   6.1900e+02   3.9848e-06   4.4112e-08
   6.2000e+02   3.9816e-06   4.4024e-08
   6.2100e+02   3.9784e-06   4.3935e-08
   6.2200e+02   3.9752e-06   4.3847e-08
   6.2300e+02   3.9720e-06   4.3759e-08
   6.2400e+02   3.9688e-06   4.3672e-08
   6.2500e+02   3.9657e-06   4.3584e-08
   6.2600e+02   3.9625e-06   4.3498e-08
   6.2700e+02   3.9593e-06   4.3411e-08
   6.2800e+02   3.9562e-06   4.3325e-08
   6.2900e+02   3.9531e-06   4.3239e-08
   6.3000e+02   3.9499e-06   4.3153e-08
   6.3100e+02   3.9468e-06   4.3068e-08
   6.3200e+02   3.9437e-06   4.2983e-08
   6.3300e+02   3.9406e-06   4.2899e-08
   6.3400e+02   3.9375e-06   4.2814e-08
   6.3500e+02   3.9345e-06   4.2730e-08
   6.3600e+02   3.9314e-06   4.2647e-08
   6.3700e+02   3.9284e-06   4.2564e-08
   6.3800e+02   3.9253e-06   4.2481e-08
   6.3900e+02   3.9223e-06   4.2398e-08
   6.4000e+02   3.9192e-06   4.2315e-08
   6.4100e+02   3.9162e-06   4.2233e-08
   6.4200e+02   3.9132e-06   4.2152e-08
   6.4300e+02   3.9102e-06   4.2070e-08
   6.4400e+02   3.9073e-06   4.1989e-08
   6.4500e+02   3.9043e-06   4.1908e-08
   6.4600e+02   3.9013e-06   4.1828e-08
   6.4700e+02   3.8984e-06   4.1747e-08
   6.4800e+02   3.8954e-06   4.1668e-08
   6.4900e+02   3.8925e-06   4.1588e-08
   6.5000e+02   3.8896e-06   4.1509e-08
   6.5100e+02   3.8867e-06   4.1430e-08
   6.5200e+02   3.8838e-06   4.1351e-08
   6.5300e+02   3.8809e-06   4.1273e-08
   6.5400e+02   3.8780e-06   4.1195e-08
   6.5500e+02   3.8751e-06   4.1117e-08
   6.5600e+02   3.8723e-06   4.1039e-08
   6.5700e+02   3.8694e-06   4.0962e-08
   6.5800e+02   3.8666e-06   4.0885e-08
   6.5900e+02   3.8637e-06   4.0809e-08
   6.6000e+02   3.8609e-06   4.0733e-08
   6.6100e+02   3.8581e-06   4.0657e-08
   6.6200e+02   3.8553e-06   4.0581e-08
   6.6300e+02   3.8525e-06   4.0505e-08
   6.6400e+02   3.8498e-06   4.0430e-08
   6.6500e+02   3.8470e-06   4.0356e-08
   6.6600e+02   3.8442e-06   4.0281e-08
   6.6700e+02   3.8415e-06   4.0207e-08
   6.6800e+02   3.8388e-06   4.0133e-08
   6.6900e+02   3.8361e-06   4.0059e-08
   6.7000e+02   3.8333e-06   3.9986e-08
   6.7100e+02   3.8306e-06   3.9913e-08
   6.7200e+02   3.8280e-06   3.9840e-08
   6.7300e+02   3.8253e-06   3.9768e-08
   6.7400e+02   3.8226e-06   3.9696e-08
   6.7500e+02   3.8200e-06   3.9624e-08
   6.7600e+02   3.8173e-06   3.9552e-08
   6.7700e+02   3.8147e-06   3.9481e-08
   6.7800e+02   3.8121e-06   3.9410e-08
   6.7900e+02   3.8095e-06   3.9339e-08
   6.8000e+02   3.8069e-06   3.9269e-08
   6.8100e+02   3.8043e-06   3.9199e-08
   6.8200e+02   3.8017e-06   3.9129e-08
   6.8300e+02   3.7991e-06   3.9059e-08
   6.8400e+02   3.7966e-06   3.8990e-08
   6.8500e+02   3.7940e-06   3.8921e-08
   6.8600e+02   3.7915e-06   3.8852e-08
   6.8700e+02   3.7890e-06   3.8784e-08
   6.8800e+02   3.7865e-06   3.8715e-08
   6.8900e+02   3.7840e-06   3.8648e-08
   6.9000e+02   3.7815e-06   3.8580e-08
   6.9100e+02   3.7790e-06   3.8512e-08
   6.9200e+02   3.7765e-06   3.8445e-08
   6.9300e+02   3.7740e-06   3.8378e-08
   6.9400e+02   3.7716e-06   3.8312e-08
   6.9500e+02   3.7691e-06   3.8245e-08
   6.9600e+02   3.7667e-06   3.8179e-08
   6.9700e+02   3.7643e-06   3.8113e-08
   6.9800e+02   3.7619e-06   3.8048e-08
   6.9900e+02   3.7595e-06   3.7982e-08
   7.0000e+02   3.7571e-06   3.7917e-08
   7.0100e+02   3.7547e-06   3.7852e-08
   7.0200e+02   3.7523e-06   3.7788e-08
   7.0300e+02   3.7499e-06   3.7723e-08
   7.0400e+02   3.7476e-06   3.7659e-08
   7.0500e+02   3.7452e-06   3.7595e-08
   7.0600e+02   3.7429e-06   3.7531e-08
   7.0700e+02   3.7405e-06   3.7468e-08
   7.0800e+02   3.7382e-06   3.7405e-08
   7.0900e+02   3.7359e-06   3.7342e-08
   7.1000e+02   3.7336e-06   3.7279e-08
   7.1100e+02   3.7313e-06   3.7216e-08
   7.1200e+02   3.7290e-06   3.7154e-08
   7.1300e+02   3.7267e-06   3.7092e-08
   7.1400e+02   3.7244e-06   3.7030e-08
   7.1500e+02   3.7221e-06   3.6968e-08
   7.1600e+02   3.7199e-06   3.6907e-08
   7.1700e+02   3.7176e-06   3.6846e-08
   7.1800e+02   3.7154e-06   3.6785e-08
   7.1900e+02   3.7131e-06   3.6724e-08
   7.2000e+02   3.7109e-06   3.6663e-08
   7.2100e+02   3.7087e-06   3.6603e-08
   7.2200e+02   3.7064e-06   3.6543e-08
   7.2300e+02   3.7042e-06   3.6483e-08
   7.2400e+02   3.7020e-06   3.6423e-08
   7.2500e+02   3.6998e-06   3.6363e-08
   7.2600e+02   3.6976e-06   3.6304e-08
   7.2700e+02   3.6955e-06   3.6245e-08
   7.2800e+02   3.6933e-06   3.6186e-08
   7.2900e+02   3.6911e-06   3.6127e-08
   7.3000e+02   3.6889e-06   3.6068e-08
   7.3100e+02   3.6868e-06   3.6010e-08
   7.3200e+02   3.6846e-06   3.5952e-08
   7.3300e+02   3.6825e-06   3.5894e-08
   7.3400e+02   3.6803e-06   3.5836e-08
   7.3500e+02   3.6782e-06   3.5778e-08
   7.3600e+02   3.6761e-06   3.5721e-08
   7.3700e+02   3.6740e-06   3.5663e-08
   7.3800e+02   3.6718e-06   3.5606e-08
   7.3900e+02   3.6697e-06   3.5549e-08
   7.4000e+02   3.6676e-06   3.5493e-08
   7.4100e+02   3.6655e-06   3.5436e-08
   7.4200e+02   3.6634e-06   3.5380e-08
   7.4300e+02   3.6614e-06   3.5323e-08
   7.4400e+02   3.6593e-06   3.5267e-08
   7.4500e+02   3.6572e-06   3.5212e-08
   7.4600e+02   3.6551e-06   3.5156e-08
   7.4700e+02   3.6531e-06   3.5100e-08
   7.4800e+02   3.6510e-06   3.5045e-08
   7.4900e+02   3.6490e-06   3.4990e-08
   7.5000e+02   3.6469e-06   3.4935e-08
   7.5100e+02   3.6449e-06   3.4880e-08
   7.5200e+02   3.6429e-06   3.4826e-08
   7.5300e+02   3.6408e-06   3.4771e-08
   7.5400e+02   3.6388e-06   3.4717e-08
   7.5500e+02   3.6368e-06   3.4663e-08
   7.5600e+02   3.6348e-06   3.4609e-08
   7.5700e+02   3.6328e-06   3.4555e-08
   7.5800e+02   3.6308e-06   3.4502e-08
   7.5900e+02   3.6288e-06   3.4448e-08
   7.6000e+02   3.6268e-06   3.4395e-08
   7.6100e+02   3.6248e-06   3.4342e-08
   7.6200e+02   3.6228e-06   3.4289e-08
   7.6300e+02   3.6209e-06   3.4236e-08
   7.6400e+02   3.6189e-06   3.4183e-08
   7.6500e+02   3.6169e-06   3.4131e-08
   7.6600e+02   3.6150e-06   3.4079e-08
   7.6700e+02   3.6130e-06   3.4027e-08
   7.6800e+02   3.6111e-06   3.3975e-08
   7.6900e+02   3.6092e-06   3.3923e-08
   7.7000e+02   3.6072e-06   3.3871e-08
   7.7100e+02   3.6053e-06   3.3820e-08
   7.7200e+02   3.6034e-06   3.3769e-08
   7.7300e+02   3.6015e-06   3.3717e-08
   7.7400e+02   3.5995e-06   3.3666e-08
   7.7500e+02   3.5976e-06   3.3616e-08
   7.7600e+02   3.5957e-06   3.3565e-08
   7.7700e+02   3.5938e-06   3.3514e-08
   7.7800e+02   3.5920e-06   3.3464e-08
   7.7900e+02   3.5901e-06   3.3414e-08
   7.8000e+02   3.5882e-06   3.3364e-08
   7.8100e+02   3.5863e-06   3.3314e-08
   7.8200e+02   3.5845e-06   3.3264e-08
   7.8300e+02   3.5826e-06   3.3215e-08
   7.8400e+02   3.5807e-06   3.3165e-08
   7.8500e+02   3.5789e-06   3.3116e-08
   7.8600e+02   3.5770e-06   3.3067e-08
   7.8700e+02   3.5752e-06   3.3018e-08
   7.8800e+02   3.5733e-06   3.2969e-08
   7.8900e+02   3.5715e-06   3.2920e-08
   7.9000e+02   3.5697e-06   3.2872e-08
   7.9100e+02   3.5679e-06   3.2823e-08
   7.9200e+02   3.5660e-06   3.2775e-08
   7.9300e+02   3.5642e-06   3.2727e-08
   7.9400e+02   3.5624e-06   3.2679e-08
   7.9500e+02   3.5606e-06   3.2631e-08
   7.9600e+02   3.5588e-06   3.2583e-08
   7.9700e+02   3.5570e-06   3.2536e-08
   7.9800e+02   3.5552e-06   3.2488e-08
   7.9900e+02   3.5535e-06   3.2441e-08
   8.0000e+02   3.5517e-06   3.2394e-08
   8.0100e+02   3.5499e-06   3.2347e-08
   8.0200e+02   3.5481e-06   3.2300e-08
   8.0300e+02   3.5464e-06   3.2253e-08
   8.0400e+02   3.5446e-06   3.2207e-08
   8.0500e+02   3.5429e-06   3.2160e-08
   8.0600e+02   3.5411e-06   3.2114e-08
   8.0700e+02   3.5394e-06   3.2068e-08
   8.0800e+02   3.5376e-06   3.2022e-08
   8.0900e+02   3.5359e-06   3.1976e-08
   8.1000e+02   3.5342e-06   3.1930e-08
   8.1100e+02   3.5324e-06   3.1885e-08
   8.1200e+02   3.5307e-06   3.1839e-08
   8.1300e+02   3.5290e-06   3.1794e-08
   8.1400e+02   3.5273e-06   3.1749e-08
   8.1500e+02   3.5256e-06   3.1704e-08
   8.1600e+02   3.5239e-06   3.1659e-08
   8.1700e+02   3.5222e-06   3.1614e-08
   8.1800e+02   3.5205e-06   3.1569e-08
   8.1900e+02   3.5188e-06   3.1525e-08
   8.2000e+02   3.5171e-06   3.1481e-08
   8.2100e+02   3.5155e-06   3.1436e-08
   8.2200e+02   3.5138e-06   3.1392e-08
   8.2300e+02   3.5121e-06   3.1348e-08
   8.2400e+02   3.5105e-06   3.1304e-08
   8.2500e+02   3.5088e-06   3.1261e-08
   8.2600e+02   3.5071e-06   3.1217e-08
   8.2700e+02   3.5055e-06   3.1173e-08
   8.2800e+02   3.5039e-06   3.1130e-08
   8.2900e+02   3.5022e-06   3.1087e-08
   8.3000e+02   3.5006e-06   3.1044e-08
   8.3100e+02   3.4990e-06   3.1001e-08
   8.3200e+02   3.4973e-06   3.0958e-08
   8.3300e+02   3.4957e-06   3.0915e-08
   8.3400e+02   3.4941e-06   3.0873e-08
   8.3500e+02   3.4925e-06   3.0830e-08
   8.3600e+02   3.4909e-06   3.0788e-08
   8.3700e+02   3.4893e-06   3.0746e-08
   8.3800e+02   3.4877e-06   3.0703e-08
   8.3900e+02   3.4861e-06   3.0661e-08
   8.4000e+02   3.4845e-06   3.0620e-08
   8.4100e+02   3.4829e-06   3.0578e-08
   8.4200e+02   3.4813e-06   3.0536e-08
   8.4300e+02   3.4798e-06   3.0495e-08
   8.4400e+02   3.4782e-06   3.0453e-08
   8.4500e+02   3.4766e-06   3.0412e-08
   8.4600e+02   3.4751e-06   3.0371e-08
   8.4700e+02   3.4735e-06   3.0330e-08
   8.4800e+02   3.4720e-06   3.0289e-08
   8.4900e+02   3.4704e-06   3.0248e-08
   8.5000e+02   3.4689e-06   3.0208e-08
   8.5100e+02   3.4674e-06   3.0167e-08
   8.5200e+02   3.4658e-06   3.0127e-08
   8.5300e+02   3.4643e-06   3.0086e-08
   8.5400e+02   3.4628e-06   3.0046e-08
   8.5500e+02   3.4613e-06   3.0006e-08
   8.5600e+02   3.4597e-06   2.9966e-08
   8.5700e+02   3.4582e-06   2.9926e-08
   8.5800e+02   3.4567e-06   2.9886e-08
   8.5900e+02   3.4552e-06   2.9847e-08
   8.6000e+02   3.4537e-06   2.9807e-08
   8.6100e+02   3.4522e-06   2.9768e-08
   8.6200e+02   3.4508e-06   2.9728e-08
   8.6300e+02   3.4493e-06   2.9689e-08
   8.6400e+02   3.4478e-06   2.9650e-08
   8.6500e+02   3.4463e-06   2.9611e-08
   8.6600e+02   3.4449e-06   2.9572e-08
   8.6700e+02   3.4434e-06   2.9534e-08
   8.6800e+02   3.4419e-06   2.9495e-08
   8.6900e+02   3.4405e-06   2.9457e-08
   8.7000e+02   3.4390e-06   2.9418e-08
   8.7100e+02   3.4376e-06   2.9380e-08
   8.7200e+02   3.4361e-06   2.9342e-08
   8.7300e+02   3.4347e-06   2.9304e-08
   8.7400e+02   3.4333e-06   2.9266e-08
   8.7500e+02   3.4318e-06   2.9228e-08
   8.7600e+02   3.4304e-06   2.9190e-08
   8.7700e+02   3.4290e-06   2.9153e-08
   8.7800e+02   3.4276e-06   2.9115e-08
   8.7900e+02   3.4262e-06   2.9078e-08
   8.8000e+02   3.4248e-06   2.9040e-08
   8.8100e+02   3.4234e-06   2.9003e-08
   8.8200e+02   3.4220e-06   2.8966e-08
   8.8300e+02   3.4206e-06   2.8929e-08
   8.8400e+02   3.4192e-06   2.8892e-08
   8.8500e+02   3.4178e-06   2.8856e-08
   8.8600e+02   3.4164e-06   2.8819e-08
   8.8700e+02   3.4150e-06   2.8783e-08
   8.8800e+02   3.4137e-06   2.8746e-08
   8.8900e+02   3.4123e-06   2.8710e-08
   8.9000e+02   3.4109e-06   2.8674e-08
   8.9100e+02   3.4096e-06   2.8638e-08
   8.9200e+02   3.4082e-06   2.8602e-08
   8.9300e+02   3.4068e-06   2.8566e-08
   8.9400e+02   3.4055e-06   2.8530e-08
   8.9500e+02   3.4042e-06   2.8495e-08
   8.9600e+02   3.4028e-06   2.8459e-08
   8.9700e+02   3.4015e-06   2.8424e-08
   8.9800e+02   3.4001e-06   2.8388e-08
   8.9900e+02   3.3988e-06   2.8353e-08
   9.0000e+02   3.3975e-06   2.8318e-08
   9.0100e+02   3.3962e-06   2.8283e-08
   9.0200e+02   3.3949e-06   2.8248e-08
   9.0300e+02   3.3936e-06   2.8214e-08
   9.0400e+02   3.3922e-06   2.8179e-08
   9.0500e+02   3.3909e-06   2.8144e-08
   9.0600e+02   3.3896e-06   2.8110e-08
   9.0700e+02   3.3883e-06   2.8076e-08
   9.0800e+02   3.3871e-06   2.8042e-08
   9.0900e+02   3.3858e-06   2.8007e-08
   9.1000e+02   3.3845e-06   2.7973e-08
   9.1100e+02   3.3832e-06   2.7940e-08
   9.1200e+02   3.3819e-06   2.7906e-08
   9.1300e+02   3.3807e-06   2.7872e-08
   9.1400e+02   3.3794e-06   2.7839e-08
   9.1500e+02   3.3781e-06   2.7805e-08
   9.1600e+02   3.3769e-06   2.7772e-08
   9.1700e+02   3.3756e-06   2.7739e-08
   9.1800e+02   3.3744e-06   2.7705e-08
   9.1900e+02   3.3731e-06   2.7672e-08
   9.2000e+02   3.3719e-06   2.7639e-08
   9.2100e+02   3.3706e-06   2.7607e-08
   9.2200e+02   3.3694e-06   2.7574e-08
   9.2300e+02   3.3682e-06   2.7541e-08
   9.2400e+02   3.3669e-06   2.7509e-08
   9.2500e+02   3.3657e-06   2.7476e-08
   9.2600e+02   3.3645e-06   2.7444e-08
   9.2700e+02   3.3633e-06   2.7412e-08
   9.2800e+02   3.3621e-06   2.7380e-08
   9.2900e+02   3.3609e-06   2.7348e-08
   9.3000e+02   3.3596e-06   2.7316e-08
   9.3100e+02   3.3584e-06   2.7284e-08
   9.3200e+02   3.3572e-06   2.7253e-08
   9.3300e+02   3.3561e-06   2.7221e-08
   9.3400e+02   3.3549e-06   2.7189e-08
   9.3500e+02   3.3537e-06   2.7158e-08
   9.3600e+02   3.3525e-06   2.7127e-08
   9.3700e+02   3.3513e-06   2.7096e-08
   9.3800e+02   3.3501e-06   2.7065e-08
   9.3900e+02   3.3490e-06   2.7034e-08
   9.4000e+02   3.3478e-06   2.7003e-08
   9.4100e+02   3.3466e-06   2.6972e-08
   9.4200e+02   3.3455e-06   2.6941e-08
   9.4300e+02   3.3443e-06   2.6911e-08
   9.4400e+02   3.3432e-06   2.6880e-08
   9.4500e+02   3.3420e-06   2.6850e-08
   9.4600e+02   3.3409e-06   2.6819e-08
   9.4700e+02   3.3397e-06   2.6789e-08
   9.4800e+02   3.3386e-06   2.6759e-08
   9.4900e+02   3.3374e-06   2.6729e-08
   9.5000e+02   3.3363e-06   2.6699e-08
   9.5100e+02   3.3352e-06   2.6669e-08
   9.5200e+02   3.3341e-06   2.6639e-08
   9.5300e+02   3.3329e-06   2.6610e-08
   9.5400e+02   3.3318e-06   2.6580e-08
   9.5500e+02   3.3307e-06   2.6550e-08
   9.5600e+02   3.3296e-06   2.6521e-08
   9.5700e+02   3.3285e-06   2.6492e-08
   9.5800e+02   3.3274e-06   2.6462e-08
   9.5900e+02   3.3263e-06   2.6433e-08
   9.6000e+02   3.3252e-06   2.6404e-08
   9.6100e+02   3.3241e-06   2.6375e-08
   9.6200e+02   3.3230e-06   2.6346e-08
   9.6300e+02   3.3219e-06   2.6317e-08
   9.6400e+02   3.3208e-06   2.6289e-08
   9.6500e+02   3.3197e-06   2.6260e-08
   9.6600e+02   3.3186e-06   2.6231e-08
   9.6700e+02   3.3176e-06   2.6203e-08
   9.6800e+02   3.3165e-06   2.6175e-08
   9.6900e+02   3.3154e-06   2.6146e-08
   9.7000e+02   3.3143e-06   2.6118e-08
   9.7100e+02   3.3133e-06   2.6090e-08
   9.7200e+02   3.3122e-06   2.6062e-08
   9.7300e+02   3.3112e-06   2.6034e-08
   9.7400e+02   3.3101e-06   2.6006e-08
   9.7500e+02   3.3090e-06   2.5978e-08
   9.7600e+02   3.3080e-06   2.5950e-08
   9.7700e+02   3.3070e-06   2.5922e-08
   9.7800e+02   3.3059e-06   2.5895e-08
   9.7900e+02   3.3049e-06   2.5867e-08
   9.8000e+02   3.3038e-06   2.5840e-08
   9.8100e+02   3.3028e-06   2.5812e-08
   9.8200e+02   3.3018e-06   2.5785e-08
   9.8300e+02   3.3007e-06   2.5758e-08
   9.8400e+02   3.2997e-06   2.5731e-08
   9.8500e+02   3.2987e-06   2.5704e-08
   9.8600e+02   3.2977e-06   2.5677e-08
   9.8700e+02   3.2967e-06   2.5650e-08
   9.8800e+02   3.2956e-06   2.5623e-08
   9.8900e+02   3.2946e-06   2.5596e-08
   9.9000e+02   3.2936e-06   2.5569e-08
   9.9100e+02   3.2926e-06   2.5542e-08
   9.9200e+02   3.2916e-06   2.5516e-08
   9.9300e+02   3.2906e-06   2.5489e-08
   9.9400e+02   3.2896e-06   2.5463e-08
   9.9500e+02   3.2886e-06   2.5436e-08
   9.9600e+02   3.2876e-06   2.5410e-08
   9.9700e+02   3.2866e-06   2.5384e-08
   9.9800e+02   3.2857e-06   2.5358e-08
   9.9900e+02   3.2847e-06   2.5331e-08
   1.0000e+03   3.2837e-06   2.5305e-08
   1.0010e+03   3.2827e-06   2.5279e-08
   1.0020e+03   3.2817e-06   2.5253e-08
   1.0030e+03   3.2808e-06   2.5228e-08
   1.0040e+03   3.2798e-06   2.5202e-08
   1.0050e+03   3.2788e-06   2.5176e-08
   1.0060e+03   3.2779e-06   2.5150e-08
   1.0070e+03   3.2769e-06   2.5125e-08
   1.0080e+03   3.2759e-06   2.5099e-08
   1.0090e+03   3.2750e-06   2.5074e-08
   1.0100e+03   3.2740e-06   2.5048e-08
   1.0110e+03   3.2731e-06   2.5023e-08
   1.0120e+03   3.2721e-06   2.4997e-08
   1.0130e+03   3.2712e-06   2.4972e-08
   1.0140e+03   3.2702e-06   2.4947e-08
   1.0150e+03   3.2693e-06   2.4922e-08
   1.0160e+03   3.2683e-06   2.4897e-08
   1.0170e+03   3.2674e-06   2.4872e-08
   1.0180e+03   3.2665e-06   2.4847e-08
   1.0190e+03   3.2655e-06   2.4822e-08
   1.0200e+03   3.2646e-06   2.4797e-08
   1.0210e+03   3.2637e-06   2.4772e-08
   1.0220e+03   3.2627e-06   2.4748e-08
   1.0230e+03   3.2618e-06   2.4723e-08
   1.0240e+03   3.2609e-06   2.4698e-08
   1.0250e+03   3.2600e-06   2.4674e-08
   1.0260e+03   3.2590e-06   2.4649e-08
   1.0270e+03   3.2581e-06   2.4625e-08
   1.0280e+03   3.2572e-06   2.4601e-08
   1.0290e+03   3.2563e-06   2.4576e-08
   1.0300e+03   3.2554e-06   2.4552e-08
   1.0310e+03   3.2545e-06   2.4528e-08
   1.0320e+03   3.2536e-06   2.4504e-08
   1.0330e+03   3.2527e-06   2.4480e-08
   1.0340e+03   3.2517e-06   2.4455e-08
   1.0350e+03   3.2508e-06   2.4431e-08
   1.0360e+03   3.2499e-06   2.4408e-08
   1.0370e+03   3.2490e-06   2.4384e-08
   1.0380e+03   3.2482e-06   2.4360e-08
   1.0390e+03   3.2473e-06   2.4336e-08
   1.0400e+03   3.2464e-06   2.4312e-08
   1.0410e+03   3.2455e-06   2.4289e-08
   1.0420e+03   3.2446e-06   2.4265e-08
   1.0430e+03   3.2437e-06   2.4241e-08
   1.0440e+03   3.2428e-06   2.4218e-08
   1.0450e+03   3.2419e-06   2.4194e-08
   1.0460e+03   3.2410e-06   2.4171e-08
   1.0470e+03   3.2402e-06   2.4148e-08
   1.0480e+03   3.2393e-06   2.4124e-08
   1.0490e+03   3.2384e-06   2.4101e-08
   1.0500e+03   3.2375e-06   2.4078e-08
   1.0510e+03   3.2366e-06   2.4055e-08
   1.0520e+03   3.2358e-06   2.4031e-08
   1.0530e+03   3.2349e-06   2.4008e-08
   1.0540e+03   3.2340e-06   2.3985e-08
   1.0550e+03   3.2332e-06   2.3962e-08
   1.0560e+03   3.2323e-06   2.3939e-08
   1.0570e+03   3.2314e-06   2.3916e-08
   1.0580e+03   3.2306e-06   2.3894e-08
   1.0590e+03   3.2297e-06   2.3871e-08
   1.0600e+03   3.2288e-06   2.3848e-08
   1.0610e+03   3.2280e-06   2.3825e-08
   1.0620e+03   3.2271e-06   2.3803e-08
   1.0630e+03   3.2263e-06   2.3780e-08
   1.0640e+03   3.2254e-06   2.3757e-08
   1.0650e+03   3.2245e-06   2.3735e-08
   1.0660e+03   3.2237e-06   2.3712e-08
   1.0670e+03   3.2228e-06   2.3690e-08
   1.0680e+03   3.2220e-06   2.3668e-08
   1.0690e+03   3.2211e-06   2.3645e-08
   1.0700e+03   3.2203e-06   2.3623e-08
   1.0710e+03   3.2194e-06   2.3601e-08
   1.0720e+03   3.2186e-06   2.3578e-08
   1.0730e+03   3.2177e-06   2.3556e-08
   1.0740e+03   3.2169e-06   2.3534e-08
   1.0750e+03   3.2161e-06   2.3512e-08
   1.0760e+03   3.2152e-06   2.3490e-08
   1.0770e+03   3.2144e-06   2.3468e-08
   1.0780e+03   3.2135e-06   2.3446e-08
   1.0790e+03   3.2127e-06   2.3424e-08
   1.0800e+03   3.2118e-06   2.3402e-08
   1.0810e+03   3.2110e-06   2.3380e-08
   1.0820e+03   3.2102e-06   2.3358e-08
   1.0830e+03   3.2093e-06   2.3336e-08
   1.0840e+03   3.2085e-06   2.3314e-08
   1.0850e+03   3.2077e-06   2.3293e-08
   1.0860e+03   3.2068e-06   2.3271e-08
   1.0870e+03   3.2060e-06   2.3249e-08
   1.0880e+03   3.2052e-06   2.3228e-08
   1.0890e+03   3.2043e-06   2.3206e-08
   1.0900e+03   3.2035e-06   2.3185e-08
   1.0910e+03   3.2027e-06   2.3163e-08
   1.0920e+03   3.2019e-06   2.3142e-08
   1.0930e+03   3.2010e-06   2.3120e-08
   1.0940e+03   3.2002e-06   2.3099e-08
   1.0950e+03   3.1994e-06   2.3078e-08
   1.0960e+03   3.1986e-06   2.3056e-08
   1.0970e+03   3.1977e-06   2.3035e-08
   1.0980e+03   3.1969e-06   2.3014e-08
   1.0990e+03   3.1961e-06   2.2993e-08
   1.1000e+03   3.1953e-06   2.2971e-08
   1.1010e+03   3.1945e-06   2.2950e-08
   1.1020e+03   3.1937e-06   2.2929e-08
   1.1030e+03   3.1928e-06   2.2908e-08
   1.1040e+03   3.1920e-06   2.2887e-08
   1.1050e+03   3.1912e-06   2.2866e-08
   1.1060e+03   3.1904e-06   2.2845e-08
   1.1070e+03   3.1896e-06   2.2825e-08
   1.1080e+03   3.1888e-06   2.2804e-08
   1.1090e+03   3.1880e-06   2.2783e-08
   1.1100e+03   3.1872e-06   2.2762e-08
   1.1110e+03   3.1864e-06   2.2741e-08
   1.1120e+03   3.1856e-06   2.2721e-08
   1.1130e+03   3.1848e-06   2.2700e-08
   1.1140e+03   3.1840e-06   2.2679e-08
   1.1150e+03   3.1832e-06   2.2659e-08
   1.1160e+03   3.1824e-06   2.2638e-08
   1.1170e+03   3.1816e-06   2.2618e-08
   1.1180e+03   3.1808e-06   2.2597e-08
   1.1190e+03   3.1800e-06   2.2577e-08
   1.1200e+03   3.1792e-06   2.2557e-08
   1.1210e+03   3.1784e-06   2.2536e-08
   1.1220e+03   3.1776e-06   2.2516e-08
   1.1230e+03   3.1768e-06   2.2496e-08
   1.1240e+03   3.1760e-06   2.2476e-08
   1.1250e+03   3.1752e-06   2.2455e-08
   1.1260e+03   3.1745e-06   2.2435e-08
   1.1270e+03   3.1737e-06   2.2415e-08
   1.1280e+03   3.1729e-06   2.2395e-08
   1.1290e+03   3.1721e-06   2.2375e-08
   1.1300e+03   3.1713e-06   2.2355e-08
   1.1310e+03   3.1705e-06   2.2335e-08
   1.1320e+03   3.1698e-06   2.2315e-08
   1.1330e+03   3.1690e-06   2.2295e-08
   1.1340e+03   3.1682e-06   2.2275e-08
   1.1350e+03   3.1674e-06   2.2255e-08
   1.1360e+03   3.1667e-06   2.2236e-08
   1.1370e+03   3.1659e-06   2.2216e-08
   1.1380e+03   3.1651e-06   2.2196e-08
   1.1390e+03   3.1643e-06   2.2177e-08
   1.1400e+03   3.1636e-06   2.2157e-08
   1.1410e+03   3.1628e-06   2.2137e-08
   1.1420e+03   3.1620e-06   2.2118e-08
   1.1430e+03   3.1613e-06   2.2098e-08
   1.1440e+03   3.1605e-06   2.2079e-08
   1.1450e+03   3.1597e-06   2.2059e-08
   1.1460e+03   3.1590e-06   2.2040e-08
   1.1470e+03   3.1582e-06   2.2021e-08
   1.1480e+03   3.1575e-06   2.2001e-08
   1.1490e+03   3.1567e-06   2.1982e-08
   1.1500e+03   3.1560e-06   2.1963e-08
   1.1510e+03   3.1552e-06   2.1943e-08
   1.1520e+03   3.1544e-06   2.1924e-08
   1.1530e+03   3.1537e-06   2.1905e-08
   1.1540e+03   3.1529e-06   2.1886e-08
   1.1550e+03   3.1522e-06   2.1867e-08
   1.1560e+03   3.1514e-06   2.1848e-08
   1.1570e+03   3.1507e-06   2.1829e-08
   1.1580e+03   3.1500e-06   2.1810e-08
   1.1590e+03   3.1492e-06   2.1791e-08
   1.1600e+03   3.1485e-06   2.1772e-08
   1.1610e+03   3.1477e-06   2.1753e-08
   1.1620e+03   3.1470e-06   2.1734e-08
   1.1630e+03   3.1463e-06   2.1715e-08
   1.1640e+03   3.1455e-06   2.1697e-08
   1.1650e+03   3.1448e-06   2.1678e-08
   1.1660e+03   3.1440e-06   2.1659e-08
   1.1670e+03   3.1433e-06   2.1641e-08
   1.1680e+03   3.1426e-06   2.1622e-08
   1.1690e+03   3.1419e-06   2.1603e-08
   1.1700e+03   3.1411e-06   2.1585e-08
   1.1710e+03   3.1404e-06   2.1566e-08
   1.1720e+03   3.1397e-06   2.1548e-08
   1.1730e+03   3.1389e-06   2.1529e-08
   1.1740e+03   3.1382e-06   2.1511e-08
   1.1750e+03   3.1375e-06   2.1492e-08
   1.1760e+03   3.1368e-06   2.1474e-08
   1.1770e+03   3.1361e-06   2.1456e-08
   1.1780e+03   3.1353e-06   2.1438e-08
   1.1790e+03   3.1346e-06   2.1419e-08
   1.1800e+03   3.1339e-06   2.1401e-08
   1.1810e+03   3.1332e-06   2.1383e-08
   1.1820e+03   3.1325e-06   2.1365e-08
   1.1830e+03   3.1318e-06   2.1347e-08
   1.1840e+03   3.1311e-06   2.1329e-08
   1.1850e+03   3.1304e-06   2.1311e-08
   1.1860e+03   3.1297e-06   2.1293e-08
   1.1870e+03   3.1290e-06   2.1275e-08
   1.1880e+03   3.1283e-06   2.1257e-08
   1.1890e+03   3.1276e-06   2.1239e-08
   1.1900e+03   3.1269e-06   2.1221e-08
   1.1910e+03   3.1262e-06   2.1203e-08
   1.1920e+03   3.1255e-06   2.1185e-08
   1.1930e+03   3.1248e-06   2.1167e-08
   1.1940e+03   3.1241e-06   2.1150e-08
   1.1950e+03   3.1234e-06   2.1132e-08
   1.1960e+03   3.1227e-06   2.1114e-08
   1.1970e+03   3.1220e-06   2.1097e-08
   1.1980e+03   3.1213e-06   2.1079e-08
   1.1990e+03   3.1206e-06   2.1062e-08
   1.2000e+03   3.1199e-06   2.1044e-08
   1.2010e+03   3.1192e-06   2.1027e-08
   1.2020e+03   3.1186e-06   2.1009e-08
   1.2030e+03   3.1179e-06   2.0992e-08
   1.2040e+03   3.1172e-06   2.0974e-08
   1.2050e+03   3.1165e-06   2.0957e-08
   1.2060e+03   3.1159e-06   2.0940e-08
   1.2070e+03   3.1152e-06   2.0922e-08
   1.2080e+03   3.1145e-06   2.0905e-08
   1.2090e+03   3.1138e-06   2.0888e-08
   1.2100e+03   3.1132e-06   2.0871e-08
   1.2110e+03   3.1125e-06   2.0853e-08
   1.2120e+03   3.1118e-06   2.0836e-08
   1.2130e+03   3.1112e-06   2.0819e-08
   1.2140e+03   3.1105e-06   2.0802e-08
   1.2150e+03   3.1098e-06   2.0785e-08
   1.2160e+03   3.1092e-06   2.0768e-08
   1.2170e+03   3.1085e-06   2.0751e-08
   1.2180e+03   3.1079e-06   2.0734e-08
   1.2190e+03   3.1072e-06   2.0717e-08
   1.2200e+03   3.1066e-06   2.0700e-08
   1.2210e+03   3.1059e-06   2.0684e-08
   1.2220e+03   3.1052e-06   2.0667e-08
   1.2230e+03   3.1046e-06   2.0650e-08
   1.2240e+03   3.1040e-06   2.0633e-08
   1.2250e+03   3.1033e-06   2.0617e-08
   1.2260e+03   3.1027e-06   2.0600e-08
   1.2270e+03   3.1020e-06   2.0583e-08
   1.2280e+03   3.1014e-06   2.0567e-08
   1.2290e+03   3.1007e-06   2.0550e-08
   1.2300e+03   3.1001e-06   2.0534e-08
   1.2310e+03   3.0995e-06   2.0517e-08
   1.2320e+03   3.0988e-06   2.0501e-08
   1.2330e+03   3.0982e-06   2.0484e-08
   1.2340e+03   3.0976e-06   2.0468e-08
   1.2350e+03   3.0969e-06   2.0451e-08
   1.2360e+03   3.0963e-06   2.0435e-08
   1.2370e+03   3.0957e-06   2.0419e-08
   1.2380e+03   3.0950e-06   2.0402e-08
   1.2390e+03   3.0944e-06   2.0386e-08
   1.2400e+03   3.0938e-06   2.0370e-08
   1.2410e+03   3.0932e-06   2.0354e-08
   1.2420e+03   3.0926e-06   2.0337e-08
   1.2430e+03   3.0919e-06   2.0321e-08
   1.2440e+03   3.0913e-06   2.0305e-08
   1.2450e+03   3.0907e-06   2.0289e-08
   1.2460e+03   3.0901e-06   2.0273e-08
   1.2470e+03   3.0895e-06   2.0257e-08
   1.2480e+03   3.0889e-06   2.0241e-08
   1.2490e+03   3.0883e-06   2.0225e-08
   1.2500e+03   3.0877e-06   2.0209e-08
