# Best fit model.
# chi^2=2.710200e+01.
# z_eff=0.470567.
# Parameters:   8.8106e-01   8.0168e-01   4.0120e-01   1.9265e-01   2.5189e+00   9.7549e-01
#         ell        C_l_a        C_l_x
   0.0000e+00   1.1755e-05   1.8751e-07
   1.0000e+00   1.9349e-05   3.4576e-07
   2.0000e+00   2.6291e-05   4.8986e-07
   3.0000e+00   3.2611e-05   6.2049e-07
   4.0000e+00   3.8338e-05   7.3829e-07
   5.0000e+00   4.3502e-05   8.4395e-07
   6.0000e+00   4.8132e-05   9.3812e-07
   7.0000e+00   5.2258e-05   1.0215e-06
   8.0000e+00   5.5909e-05   1.0947e-06
   9.0000e+00   5.9113e-05   1.1584e-06
   1.0000e+01   6.1902e-05   1.2133e-06
   1.1000e+01   6.4303e-05   1.2600e-06
   1.2000e+01   6.6347e-05   1.2992e-06
   1.3000e+01   6.8062e-05   1.3316e-06
   1.4000e+01   6.9473e-05   1.3577e-06
   1.5000e+01   7.0605e-05   1.3781e-06
   1.6000e+01   7.1480e-05   1.3932e-06
   1.7000e+01   7.2118e-05   1.4036e-06
   1.8000e+01   7.2540e-05   1.4096e-06
   1.9000e+01   7.2762e-05   1.4116e-06
   2.0000e+01   7.2804e-05   1.4100e-06
   2.1000e+01   7.2680e-05   1.4052e-06
   2.2000e+01   7.2407e-05   1.3975e-06
   2.3000e+01   7.2000e-05   1.3871e-06
   2.4000e+01   7.1472e-05   1.3744e-06
   2.5000e+01   7.0837e-05   1.3596e-06
   2.6000e+01   7.0108e-05   1.3431e-06
   2.7000e+01   6.9296e-05   1.3250e-06
   2.8000e+01   6.8412e-05   1.3056e-06
   2.9000e+01   6.7468e-05   1.2851e-06
   3.0000e+01   6.6474e-05   1.2637e-06
   3.1000e+01   6.5438e-05   1.2416e-06
   3.2000e+01   6.4370e-05   1.2190e-06
   3.3000e+01   6.3278e-05   1.1959e-06
   3.4000e+01   6.2169e-05   1.1727e-06
   3.5000e+01   6.1050e-05   1.1493e-06
   3.6000e+01   5.9927e-05   1.1260e-06
   3.7000e+01   5.8807e-05   1.1028e-06
   3.8000e+01   5.7695e-05   1.0798e-06
   3.9000e+01   5.6594e-05   1.0571e-06
   4.0000e+01   5.5509e-05   1.0348e-06
   4.1000e+01   5.4444e-05   1.0130e-06
   4.2000e+01   5.3401e-05   9.9169e-07
   4.3000e+01   5.2383e-05   9.7091e-07
   4.4000e+01   5.1393e-05   9.5074e-07
   4.5000e+01   5.0432e-05   9.3119e-07
   4.6000e+01   4.9502e-05   9.1228e-07
   4.7000e+01   4.8604e-05   8.9405e-07
   4.8000e+01   4.7739e-05   8.7650e-07
   4.9000e+01   4.6907e-05   8.5963e-07
   5.0000e+01   4.6109e-05   8.4344e-07
   5.1000e+01   4.5346e-05   8.2794e-07
   5.2000e+01   4.4616e-05   8.1311e-07
   5.3000e+01   4.3920e-05   7.9894e-07
   5.4000e+01   4.3257e-05   7.8543e-07
   5.5000e+01   4.2627e-05   7.7254e-07
   5.6000e+01   4.2029e-05   7.6027e-07
   5.7000e+01   4.1460e-05   7.4858e-07
   5.8000e+01   4.0920e-05   7.3745e-07
   5.9000e+01   4.0408e-05   7.2684e-07
   6.0000e+01   3.9921e-05   7.1673e-07
   6.1000e+01   3.9458e-05   7.0708e-07
   6.2000e+01   3.9018e-05   6.9787e-07
   6.3000e+01   3.8599e-05   6.8907e-07
   6.4000e+01   3.8200e-05   6.8063e-07
   6.5000e+01   3.7818e-05   6.7254e-07
   6.6000e+01   3.7453e-05   6.6476e-07
   6.7000e+01   3.7103e-05   6.5727e-07
   6.8000e+01   3.6766e-05   6.5002e-07
   6.9000e+01   3.6441e-05   6.4300e-07
   7.0000e+01   3.6127e-05   6.3617e-07
   7.1000e+01   3.5821e-05   6.2953e-07
   7.2000e+01   3.5524e-05   6.2303e-07
   7.3000e+01   3.5234e-05   6.1667e-07
   7.4000e+01   3.4949e-05   6.1041e-07
   7.5000e+01   3.4669e-05   6.0424e-07
   7.6000e+01   3.4392e-05   5.9815e-07
   7.7000e+01   3.4118e-05   5.9211e-07
   7.8000e+01   3.3845e-05   5.8612e-07
   7.9000e+01   3.3572e-05   5.8015e-07
   8.0000e+01   3.3299e-05   5.7419e-07
   8.1000e+01   3.3025e-05   5.6823e-07
   8.2000e+01   3.2749e-05   5.6226e-07
   8.3000e+01   3.2472e-05   5.5628e-07
   8.4000e+01   3.2191e-05   5.5029e-07
   8.5000e+01   3.1908e-05   5.4426e-07
   8.6000e+01   3.1622e-05   5.3820e-07
   8.7000e+01   3.1333e-05   5.3211e-07
   8.8000e+01   3.1041e-05   5.2598e-07
   8.9000e+01   3.0745e-05   5.1983e-07
   9.0000e+01   3.0447e-05   5.1365e-07
   9.1000e+01   3.0146e-05   5.0745e-07
   9.2000e+01   2.9843e-05   5.0122e-07
   9.3000e+01   2.9538e-05   4.9499e-07
   9.4000e+01   2.9230e-05   4.8875e-07
   9.5000e+01   2.8921e-05   4.8250e-07
   9.6000e+01   2.8612e-05   4.7625e-07
   9.7000e+01   2.8301e-05   4.7002e-07
   9.8000e+01   2.7991e-05   4.6381e-07
   9.9000e+01   2.7680e-05   4.5762e-07
   1.0000e+02   2.7370e-05   4.5146e-07
   1.0100e+02   2.7062e-05   4.4534e-07
   1.0200e+02   2.6754e-05   4.3927e-07
   1.0300e+02   2.6449e-05   4.3324e-07
   1.0400e+02   2.6146e-05   4.2728e-07
   1.0500e+02   2.5846e-05   4.2138e-07
   1.0600e+02   2.5548e-05   4.1555e-07
   1.0700e+02   2.5255e-05   4.0980e-07
   1.0800e+02   2.4965e-05   4.0414e-07
   1.0900e+02   2.4679e-05   3.9856e-07
   1.1000e+02   2.4398e-05   3.9308e-07
   1.1100e+02   2.4122e-05   3.8770e-07
   1.1200e+02   2.3851e-05   3.8242e-07
   1.1300e+02   2.3585e-05   3.7724e-07
   1.1400e+02   2.3325e-05   3.7218e-07
   1.1500e+02   2.3070e-05   3.6722e-07
   1.1600e+02   2.2822e-05   3.6239e-07
   1.1700e+02   2.2580e-05   3.5767e-07
   1.1800e+02   2.2344e-05   3.5307e-07
   1.1900e+02   2.2115e-05   3.4859e-07
   1.2000e+02   2.1892e-05   3.4423e-07
   1.2100e+02   2.1676e-05   3.3999e-07
   1.2200e+02   2.1466e-05   3.3586e-07
   1.2300e+02   2.1261e-05   3.3185e-07
   1.2400e+02   2.1064e-05   3.2795e-07
   1.2500e+02   2.0872e-05   3.2417e-07
   1.2600e+02   2.0686e-05   3.2049e-07
   1.2700e+02   2.0506e-05   3.1693e-07
   1.2800e+02   2.0333e-05   3.1348e-07
   1.2900e+02   2.0164e-05   3.1013e-07
   1.3000e+02   2.0002e-05   3.0688e-07
   1.3100e+02   1.9844e-05   3.0373e-07
   1.3200e+02   1.9692e-05   3.0067e-07
   1.3300e+02   1.9545e-05   2.9770e-07
   1.3400e+02   1.9403e-05   2.9481e-07
   1.3500e+02   1.9266e-05   2.9202e-07
   1.3600e+02   1.9133e-05   2.8930e-07
   1.3700e+02   1.9005e-05   2.8665e-07
   1.3800e+02   1.8881e-05   2.8409e-07
   1.3900e+02   1.8760e-05   2.8159e-07
   1.4000e+02   1.8644e-05   2.7915e-07
   1.4100e+02   1.8531e-05   2.7678e-07
   1.4200e+02   1.8421e-05   2.7446e-07
   1.4300e+02   1.8314e-05   2.7221e-07
   1.4400e+02   1.8209e-05   2.7000e-07
   1.4500e+02   1.8108e-05   2.6784e-07
   1.4600e+02   1.8008e-05   2.6572e-07
   1.4700e+02   1.7910e-05   2.6364e-07
   1.4800e+02   1.7814e-05   2.6160e-07
   1.4900e+02   1.7720e-05   2.5959e-07
   1.5000e+02   1.7627e-05   2.5762e-07
   1.5100e+02   1.7536e-05   2.5567e-07
   1.5200e+02   1.7445e-05   2.5375e-07
   1.5300e+02   1.7355e-05   2.5186e-07
   1.5400e+02   1.7266e-05   2.4998e-07
   1.5500e+02   1.7178e-05   2.4813e-07
   1.5600e+02   1.7090e-05   2.4629e-07
   1.5700e+02   1.7002e-05   2.4446e-07
   1.5800e+02   1.6914e-05   2.4264e-07
   1.5900e+02   1.6826e-05   2.4084e-07
   1.6000e+02   1.6738e-05   2.3903e-07
   1.6100e+02   1.6650e-05   2.3724e-07
   1.6200e+02   1.6562e-05   2.3546e-07
   1.6300e+02   1.6473e-05   2.3368e-07
   1.6400e+02   1.6385e-05   2.3190e-07
   1.6500e+02   1.6296e-05   2.3014e-07
   1.6600e+02   1.6207e-05   2.2837e-07
   1.6700e+02   1.6118e-05   2.2662e-07
   1.6800e+02   1.6029e-05   2.2487e-07
   1.6900e+02   1.5939e-05   2.2312e-07
   1.7000e+02   1.5850e-05   2.2138e-07
   1.7100e+02   1.5760e-05   2.1964e-07
   1.7200e+02   1.5670e-05   2.1791e-07
   1.7300e+02   1.5580e-05   2.1618e-07
   1.7400e+02   1.5490e-05   2.1446e-07
   1.7500e+02   1.5400e-05   2.1274e-07
   1.7600e+02   1.5311e-05   2.1104e-07
   1.7700e+02   1.5221e-05   2.0934e-07
   1.7800e+02   1.5132e-05   2.0764e-07
   1.7900e+02   1.5043e-05   2.0596e-07
   1.8000e+02   1.4955e-05   2.0429e-07
   1.8100e+02   1.4867e-05   2.0263e-07
   1.8200e+02   1.4779e-05   2.0098e-07
   1.8300e+02   1.4692e-05   1.9934e-07
   1.8400e+02   1.4606e-05   1.9772e-07
   1.8500e+02   1.4521e-05   1.9611e-07
   1.8600e+02   1.4437e-05   1.9451e-07
   1.8700e+02   1.4353e-05   1.9293e-07
   1.8800e+02   1.4270e-05   1.9136e-07
   1.8900e+02   1.4188e-05   1.8981e-07
   1.9000e+02   1.4107e-05   1.8828e-07
   1.9100e+02   1.4027e-05   1.8676e-07
   1.9200e+02   1.3948e-05   1.8526e-07
   1.9300e+02   1.3870e-05   1.8378e-07
   1.9400e+02   1.3794e-05   1.8232e-07
   1.9500e+02   1.3718e-05   1.8087e-07
   1.9600e+02   1.3643e-05   1.7945e-07
   1.9700e+02   1.3570e-05   1.7804e-07
   1.9800e+02   1.3498e-05   1.7666e-07
   1.9900e+02   1.3427e-05   1.7529e-07
   2.0000e+02   1.3358e-05   1.7395e-07
   2.0100e+02   1.3290e-05   1.7263e-07
   2.0200e+02   1.3223e-05   1.7133e-07
   2.0300e+02   1.3157e-05   1.7005e-07
   2.0400e+02   1.3092e-05   1.6879e-07
   2.0500e+02   1.3029e-05   1.6755e-07
   2.0600e+02   1.2967e-05   1.6633e-07
   2.0700e+02   1.2906e-05   1.6514e-07
   2.0800e+02   1.2846e-05   1.6396e-07
   2.0900e+02   1.2788e-05   1.6280e-07
   2.1000e+02   1.2730e-05   1.6166e-07
   2.1100e+02   1.2674e-05   1.6054e-07
   2.1200e+02   1.2619e-05   1.5943e-07
   2.1300e+02   1.2565e-05   1.5835e-07
   2.1400e+02   1.2511e-05   1.5729e-07
   2.1500e+02   1.2459e-05   1.5624e-07
   2.1600e+02   1.2408e-05   1.5521e-07
   2.1700e+02   1.2358e-05   1.5420e-07
   2.1800e+02   1.2309e-05   1.5321e-07
   2.1900e+02   1.2261e-05   1.5223e-07
   2.2000e+02   1.2213e-05   1.5127e-07
   2.2100e+02   1.2167e-05   1.5032e-07
   2.2200e+02   1.2121e-05   1.4939e-07
   2.2300e+02   1.2076e-05   1.4848e-07
   2.2400e+02   1.2032e-05   1.4758e-07
   2.2500e+02   1.1988e-05   1.4669e-07
   2.2600e+02   1.1945e-05   1.4581e-07
   2.2700e+02   1.1903e-05   1.4495e-07
   2.2800e+02   1.1861e-05   1.4410e-07
   2.2900e+02   1.1820e-05   1.4327e-07
   2.3000e+02   1.1779e-05   1.4244e-07
   2.3100e+02   1.1739e-05   1.4162e-07
   2.3200e+02   1.1699e-05   1.4082e-07
   2.3300e+02   1.1660e-05   1.4003e-07
   2.3400e+02   1.1621e-05   1.3924e-07
   2.3500e+02   1.1583e-05   1.3846e-07
   2.3600e+02   1.1544e-05   1.3770e-07
   2.3700e+02   1.1506e-05   1.3694e-07
   2.3800e+02   1.1469e-05   1.3619e-07
   2.3900e+02   1.1432e-05   1.3545e-07
   2.4000e+02   1.1395e-05   1.3472e-07
   2.4100e+02   1.1358e-05   1.3399e-07
   2.4200e+02   1.1322e-05   1.3327e-07
   2.4300e+02   1.1286e-05   1.3256e-07
   2.4400e+02   1.1250e-05   1.3185e-07
   2.4500e+02   1.1215e-05   1.3115e-07
   2.4600e+02   1.1179e-05   1.3046e-07
   2.4700e+02   1.1144e-05   1.2977e-07
   2.4800e+02   1.1109e-05   1.2909e-07
   2.4900e+02   1.1075e-05   1.2841e-07
   2.5000e+02   1.1040e-05   1.2774e-07
   2.5100e+02   1.1006e-05   1.2707e-07
   2.5200e+02   1.0971e-05   1.2641e-07
   2.5300e+02   1.0937e-05   1.2575e-07
   2.5400e+02   1.0903e-05   1.2510e-07
   2.5500e+02   1.0870e-05   1.2445e-07
   2.5600e+02   1.0836e-05   1.2380e-07
   2.5700e+02   1.0802e-05   1.2316e-07
   2.5800e+02   1.0769e-05   1.2252e-07
   2.5900e+02   1.0736e-05   1.2189e-07
   2.6000e+02   1.0703e-05   1.2126e-07
   2.6100e+02   1.0670e-05   1.2064e-07
   2.6200e+02   1.0638e-05   1.2002e-07
   2.6300e+02   1.0606e-05   1.1940e-07
   2.6400e+02   1.0574e-05   1.1879e-07
   2.6500e+02   1.0542e-05   1.1818e-07
   2.6600e+02   1.0510e-05   1.1758e-07
   2.6700e+02   1.0478e-05   1.1698e-07
   2.6800e+02   1.0447e-05   1.1638e-07
   2.6900e+02   1.0416e-05   1.1579e-07
   2.7000e+02   1.0385e-05   1.1521e-07
   2.7100e+02   1.0355e-05   1.1463e-07
   2.7200e+02   1.0324e-05   1.1405e-07
   2.7300e+02   1.0294e-05   1.1347e-07
   2.7400e+02   1.0264e-05   1.1290e-07
   2.7500e+02   1.0235e-05   1.1234e-07
   2.7600e+02   1.0205e-05   1.1178e-07
   2.7700e+02   1.0176e-05   1.1122e-07
   2.7800e+02   1.0147e-05   1.1067e-07
   2.7900e+02   1.0119e-05   1.1012e-07
   2.8000e+02   1.0091e-05   1.0958e-07
   2.8100e+02   1.0062e-05   1.0904e-07
   2.8200e+02   1.0035e-05   1.0851e-07
   2.8300e+02   1.0007e-05   1.0798e-07
   2.8400e+02   9.9797e-06   1.0746e-07
   2.8500e+02   9.9526e-06   1.0694e-07
   2.8600e+02   9.9259e-06   1.0643e-07
   2.8700e+02   9.8993e-06   1.0592e-07
   2.8800e+02   9.8731e-06   1.0541e-07
   2.8900e+02   9.8472e-06   1.0491e-07
   2.9000e+02   9.8215e-06   1.0442e-07
   2.9100e+02   9.7961e-06   1.0393e-07
   2.9200e+02   9.7710e-06   1.0344e-07
   2.9300e+02   9.7462e-06   1.0296e-07
   2.9400e+02   9.7217e-06   1.0249e-07
   2.9500e+02   9.6975e-06   1.0202e-07
   2.9600e+02   9.6735e-06   1.0155e-07
   2.9700e+02   9.6498e-06   1.0109e-07
   2.9800e+02   9.6263e-06   1.0064e-07
   2.9900e+02   9.6031e-06   1.0019e-07
   3.0000e+02   9.5802e-06   9.9739e-08
   3.0100e+02   9.5574e-06   9.9297e-08
   3.0200e+02   9.5350e-06   9.8859e-08
   3.0300e+02   9.5127e-06   9.8426e-08
   3.0400e+02   9.4907e-06   9.7998e-08
   3.0500e+02   9.4690e-06   9.7573e-08
   3.0600e+02   9.4474e-06   9.7153e-08
   3.0700e+02   9.4260e-06   9.6737e-08
   3.0800e+02   9.4049e-06   9.6325e-08
   3.0900e+02   9.3840e-06   9.5917e-08
   3.1000e+02   9.3632e-06   9.5513e-08
   3.1100e+02   9.3427e-06   9.5113e-08
   3.1200e+02   9.3223e-06   9.4717e-08
   3.1300e+02   9.3021e-06   9.4324e-08
   3.1400e+02   9.2821e-06   9.3935e-08
   3.1500e+02   9.2623e-06   9.3550e-08
   3.1600e+02   9.2426e-06   9.3168e-08
   3.1700e+02   9.2231e-06   9.2790e-08
   3.1800e+02   9.2038e-06   9.2416e-08
   3.1900e+02   9.1846e-06   9.2044e-08
   3.2000e+02   9.1656e-06   9.1676e-08
   3.2100e+02   9.1467e-06   9.1312e-08
   3.2200e+02   9.1280e-06   9.0950e-08
   3.2300e+02   9.1094e-06   9.0592e-08
   3.2400e+02   9.0910e-06   9.0237e-08
   3.2500e+02   9.0727e-06   8.9884e-08
   3.2600e+02   9.0545e-06   8.9535e-08
   3.2700e+02   9.0365e-06   8.9189e-08
   3.2800e+02   9.0186e-06   8.8845e-08
   3.2900e+02   9.0008e-06   8.8504e-08
   3.3000e+02   8.9832e-06   8.8166e-08
   3.3100e+02   8.9657e-06   8.7830e-08
   3.3200e+02   8.9482e-06   8.7497e-08
   3.3300e+02   8.9309e-06   8.7167e-08
   3.3400e+02   8.9138e-06   8.6839e-08
   3.3500e+02   8.8967e-06   8.6513e-08
   3.3600e+02   8.8797e-06   8.6190e-08
   3.3700e+02   8.8629e-06   8.5869e-08
   3.3800e+02   8.8461e-06   8.5550e-08
   3.3900e+02   8.8294e-06   8.5233e-08
   3.4000e+02   8.8129e-06   8.4919e-08
   3.4100e+02   8.7964e-06   8.4606e-08
   3.4200e+02   8.7800e-06   8.4295e-08
   3.4300e+02   8.7637e-06   8.3987e-08
   3.4400e+02   8.7475e-06   8.3680e-08
   3.4500e+02   8.7313e-06   8.3375e-08
   3.4600e+02   8.7153e-06   8.3073e-08
   3.4700e+02   8.6994e-06   8.2772e-08
   3.4800e+02   8.6835e-06   8.2473e-08
   3.4900e+02   8.6678e-06   8.2176e-08
   3.5000e+02   8.6521e-06   8.1881e-08
   3.5100e+02   8.6366e-06   8.1588e-08
   3.5200e+02   8.6211e-06   8.1297e-08
   3.5300e+02   8.6057e-06   8.1008e-08
   3.5400e+02   8.5904e-06   8.0720e-08
   3.5500e+02   8.5752e-06   8.0435e-08
   3.5600e+02   8.5601e-06   8.0151e-08
   3.5700e+02   8.5451e-06   7.9869e-08
   3.5800e+02   8.5302e-06   7.9590e-08
   3.5900e+02   8.5154e-06   7.9311e-08
   3.6000e+02   8.5007e-06   7.9035e-08
   3.6100e+02   8.4860e-06   7.8761e-08
   3.6200e+02   8.4715e-06   7.8488e-08
   3.6300e+02   8.4571e-06   7.8218e-08
   3.6400e+02   8.4427e-06   7.7949e-08
   3.6500e+02   8.4285e-06   7.7681e-08
   3.6600e+02   8.4143e-06   7.7416e-08
   3.6700e+02   8.4003e-06   7.7152e-08
   3.6800e+02   8.3863e-06   7.6891e-08
   3.6900e+02   8.3724e-06   7.6630e-08
   3.7000e+02   8.3587e-06   7.6372e-08
   3.7100e+02   8.3450e-06   7.6116e-08
   3.7200e+02   8.3314e-06   7.5861e-08
   3.7300e+02   8.3179e-06   7.5607e-08
   3.7400e+02   8.3045e-06   7.5356e-08
   3.7500e+02   8.2912e-06   7.5106e-08
   3.7600e+02   8.2780e-06   7.4858e-08
   3.7700e+02   8.2649e-06   7.4612e-08
   3.7800e+02   8.2518e-06   7.4367e-08
   3.7900e+02   8.2389e-06   7.4124e-08
   3.8000e+02   8.2260e-06   7.3882e-08
   3.8100e+02   8.2132e-06   7.3643e-08
   3.8200e+02   8.2005e-06   7.3404e-08
   3.8300e+02   8.1879e-06   7.3168e-08
   3.8400e+02   8.1754e-06   7.2933e-08
   3.8500e+02   8.1630e-06   7.2700e-08
   3.8600e+02   8.1506e-06   7.2468e-08
   3.8700e+02   8.1383e-06   7.2238e-08
   3.8800e+02   8.1261e-06   7.2009e-08
   3.8900e+02   8.1140e-06   7.1782e-08
   3.9000e+02   8.1020e-06   7.1556e-08
   3.9100e+02   8.0901e-06   7.1332e-08
   3.9200e+02   8.0782e-06   7.1110e-08
   3.9300e+02   8.0664e-06   7.0889e-08
   3.9400e+02   8.0547e-06   7.0669e-08
   3.9500e+02   8.0430e-06   7.0452e-08
   3.9600e+02   8.0315e-06   7.0235e-08
   3.9700e+02   8.0200e-06   7.0020e-08
   3.9800e+02   8.0086e-06   6.9807e-08
   3.9900e+02   7.9972e-06   6.9594e-08
   4.0000e+02   7.9860e-06   6.9384e-08
   4.0100e+02   7.9748e-06   6.9175e-08
   4.0200e+02   7.9637e-06   6.8967e-08
   4.0300e+02   7.9526e-06   6.8760e-08
   4.0400e+02   7.9416e-06   6.8555e-08
   4.0500e+02   7.9307e-06   6.8352e-08
   4.0600e+02   7.9199e-06   6.8149e-08
   4.0700e+02   7.9091e-06   6.7948e-08
   4.0800e+02   7.8984e-06   6.7748e-08
   4.0900e+02   7.8877e-06   6.7550e-08
   4.1000e+02   7.8772e-06   6.7353e-08
   4.1100e+02   7.8666e-06   6.7157e-08
   4.1200e+02   7.8562e-06   6.6962e-08
   4.1300e+02   7.8458e-06   6.6769e-08
   4.1400e+02   7.8355e-06   6.6577e-08
   4.1500e+02   7.8252e-06   6.6386e-08
   4.1600e+02   7.8150e-06   6.6196e-08
   4.1700e+02   7.8048e-06   6.6007e-08
   4.1800e+02   7.7948e-06   6.5820e-08
   4.1900e+02   7.7847e-06   6.5634e-08
   4.2000e+02   7.7747e-06   6.5449e-08
   4.2100e+02   7.7648e-06   6.5265e-08
   4.2200e+02   7.7550e-06   6.5082e-08
   4.2300e+02   7.7451e-06   6.4900e-08
   4.2400e+02   7.7354e-06   6.4719e-08
   4.2500e+02   7.7257e-06   6.4539e-08
   4.2600e+02   7.7160e-06   6.4361e-08
   4.2700e+02   7.7064e-06   6.4183e-08
   4.2800e+02   7.6969e-06   6.4006e-08
   4.2900e+02   7.6873e-06   6.3831e-08
   4.3000e+02   7.6779e-06   6.3656e-08
   4.3100e+02   7.6685e-06   6.3482e-08
   4.3200e+02   7.6591e-06   6.3310e-08
   4.3300e+02   7.6498e-06   6.3138e-08
   4.3400e+02   7.6406e-06   6.2967e-08
   4.3500e+02   7.6313e-06   6.2798e-08
   4.3600e+02   7.6222e-06   6.2629e-08
   4.3700e+02   7.6131e-06   6.2461e-08
   4.3800e+02   7.6040e-06   6.2294e-08
   4.3900e+02   7.5950e-06   6.2128e-08
   4.4000e+02   7.5860e-06   6.1963e-08
   4.4100e+02   7.5771e-06   6.1799e-08
   4.4200e+02   7.5682e-06   6.1636e-08
   4.4300e+02   7.5593e-06   6.1474e-08
   4.4400e+02   7.5505e-06   6.1312e-08
   4.4500e+02   7.5418e-06   6.1152e-08
   4.4600e+02   7.5331e-06   6.0992e-08
   4.4700e+02   7.5244e-06   6.0833e-08
   4.4800e+02   7.5158e-06   6.0676e-08
   4.4900e+02   7.5073e-06   6.0519e-08
   4.5000e+02   7.4987e-06   6.0363e-08
   4.5100e+02   7.4903e-06   6.0207e-08
   4.5200e+02   7.4818e-06   6.0053e-08
   4.5300e+02   7.4735e-06   5.9900e-08
   4.5400e+02   7.4651e-06   5.9747e-08
   4.5500e+02   7.4568e-06   5.9595e-08
   4.5600e+02   7.4486e-06   5.9444e-08
   4.5700e+02   7.4403e-06   5.9294e-08
   4.5800e+02   7.4322e-06   5.9145e-08
   4.5900e+02   7.4240e-06   5.8996e-08
   4.6000e+02   7.4160e-06   5.8849e-08
   4.6100e+02   7.4079e-06   5.8702e-08
   4.6200e+02   7.3999e-06   5.8556e-08
   4.6300e+02   7.3920e-06   5.8410e-08
   4.6400e+02   7.3840e-06   5.8266e-08
   4.6500e+02   7.3762e-06   5.8122e-08
   4.6600e+02   7.3683e-06   5.7979e-08
   4.6700e+02   7.3605e-06   5.7837e-08
   4.6800e+02   7.3528e-06   5.7695e-08
   4.6900e+02   7.3451e-06   5.7555e-08
   4.7000e+02   7.3374e-06   5.7415e-08
   4.7100e+02   7.3297e-06   5.7276e-08
   4.7200e+02   7.3221e-06   5.7137e-08
   4.7300e+02   7.3146e-06   5.6999e-08
   4.7400e+02   7.3071e-06   5.6862e-08
   4.7500e+02   7.2996e-06   5.6726e-08
   4.7600e+02   7.2921e-06   5.6591e-08
   4.7700e+02   7.2847e-06   5.6456e-08
   4.7800e+02   7.2773e-06   5.6322e-08
   4.7900e+02   7.2700e-06   5.6188e-08
   4.8000e+02   7.2627e-06   5.6055e-08
   4.8100e+02   7.2554e-06   5.5923e-08
   4.8200e+02   7.2482e-06   5.5792e-08
   4.8300e+02   7.2410e-06   5.5661e-08
   4.8400e+02   7.2338e-06   5.5531e-08
   4.8500e+02   7.2267e-06   5.5402e-08
   4.8600e+02   7.2196e-06   5.5273e-08
   4.8700e+02   7.2125e-06   5.5145e-08
   4.8800e+02   7.2055e-06   5.5017e-08
   4.8900e+02   7.1985e-06   5.4890e-08
   4.9000e+02   7.1915e-06   5.4764e-08
   4.9100e+02   7.1846e-06   5.4639e-08
   4.9200e+02   7.1777e-06   5.4514e-08
   4.9300e+02   7.1708e-06   5.4389e-08
   4.9400e+02   7.1640e-06   5.4265e-08
   4.9500e+02   7.1572e-06   5.4142e-08
   4.9600e+02   7.1504e-06   5.4020e-08
   4.9700e+02   7.1436e-06   5.3898e-08
   4.9800e+02   7.1369e-06   5.3776e-08
   4.9900e+02   7.1302e-06   5.3656e-08
   5.0000e+02   7.1235e-06   5.3535e-08
   5.0100e+02   7.1169e-06   5.3416e-08
   5.0200e+02   7.1103e-06   5.3296e-08
   5.0300e+02   7.1037e-06   5.3178e-08
   5.0400e+02   7.0971e-06   5.3060e-08
   5.0500e+02   7.0906e-06   5.2942e-08
   5.0600e+02   7.0841e-06   5.2826e-08
   5.0700e+02   7.0776e-06   5.2709e-08
   5.0800e+02   7.0712e-06   5.2593e-08
   5.0900e+02   7.0648e-06   5.2478e-08
   5.1000e+02   7.0584e-06   5.2363e-08
   5.1100e+02   7.0520e-06   5.2249e-08
   5.1200e+02   7.0457e-06   5.2136e-08
   5.1300e+02   7.0393e-06   5.2022e-08
   5.1400e+02   7.0331e-06   5.1910e-08
   5.1500e+02   7.0268e-06   5.1798e-08
   5.1600e+02   7.0206e-06   5.1686e-08
   5.1700e+02   7.0143e-06   5.1575e-08
   5.1800e+02   7.0081e-06   5.1464e-08
   5.1900e+02   7.0020e-06   5.1354e-08
   5.2000e+02   6.9958e-06   5.1245e-08
   5.2100e+02   6.9897e-06   5.1136e-08
   5.2200e+02   6.9836e-06   5.1027e-08
   5.2300e+02   6.9776e-06   5.0919e-08
   5.2400e+02   6.9715e-06   5.0811e-08
   5.2500e+02   6.9655e-06   5.0704e-08
   5.2600e+02   6.9595e-06   5.0598e-08
   5.2700e+02   6.9535e-06   5.0491e-08
   5.2800e+02   6.9476e-06   5.0386e-08
   5.2900e+02   6.9417e-06   5.0281e-08
   5.3000e+02   6.9358e-06   5.0176e-08
   5.3100e+02   6.9299e-06   5.0071e-08
   5.3200e+02   6.9240e-06   4.9968e-08
   5.3300e+02   6.9182e-06   4.9864e-08
   5.3400e+02   6.9124e-06   4.9761e-08
   5.3500e+02   6.9066e-06   4.9659e-08
   5.3600e+02   6.9008e-06   4.9557e-08
   5.3700e+02   6.8951e-06   4.9455e-08
   5.3800e+02   6.8893e-06   4.9354e-08
   5.3900e+02   6.8836e-06   4.9253e-08
   5.4000e+02   6.8779e-06   4.9153e-08
   5.4100e+02   6.8723e-06   4.9053e-08
   5.4200e+02   6.8666e-06   4.8953e-08
   5.4300e+02   6.8610e-06   4.8854e-08
   5.4400e+02   6.8554e-06   4.8756e-08
   5.4500e+02   6.8498e-06   4.8657e-08
   5.4600e+02   6.8443e-06   4.8560e-08
   5.4700e+02   6.8387e-06   4.8462e-08
   5.4800e+02   6.8332e-06   4.8365e-08
   5.4900e+02   6.8277e-06   4.8269e-08
   5.5000e+02   6.8222e-06   4.8173e-08
   5.5100e+02   6.8168e-06   4.8077e-08
   5.5200e+02   6.8113e-06   4.7981e-08
   5.5300e+02   6.8059e-06   4.7887e-08
   5.5400e+02   6.8005e-06   4.7792e-08
   5.5500e+02   6.7952e-06   4.7698e-08
   5.5600e+02   6.7898e-06   4.7604e-08
   5.5700e+02   6.7845e-06   4.7511e-08
   5.5800e+02   6.7792e-06   4.7418e-08
   5.5900e+02   6.7739e-06   4.7325e-08
   5.6000e+02   6.7686e-06   4.7233e-08
   5.6100e+02   6.7634e-06   4.7141e-08
   5.6200e+02   6.7581e-06   4.7050e-08
   5.6300e+02   6.7529e-06   4.6959e-08
   5.6400e+02   6.7477e-06   4.6868e-08
   5.6500e+02   6.7426e-06   4.6778e-08
   5.6600e+02   6.7374e-06   4.6688e-08
   5.6700e+02   6.7323e-06   4.6598e-08
   5.6800e+02   6.7272e-06   4.6509e-08
   5.6900e+02   6.7221e-06   4.6420e-08
   5.7000e+02   6.7170e-06   4.6332e-08
   5.7100e+02   6.7120e-06   4.6244e-08
   5.7200e+02   6.7070e-06   4.6156e-08
   5.7300e+02   6.7019e-06   4.6069e-08
   5.7400e+02   6.6970e-06   4.5982e-08
   5.7500e+02   6.6920e-06   4.5895e-08
   5.7600e+02   6.6871e-06   4.5809e-08
   5.7700e+02   6.6821e-06   4.5723e-08
   5.7800e+02   6.6772e-06   4.5638e-08
   5.7900e+02   6.6723e-06   4.5552e-08
   5.8000e+02   6.6675e-06   4.5467e-08
   5.8100e+02   6.6626e-06   4.5383e-08
   5.8200e+02   6.6578e-06   4.5299e-08
   5.8300e+02   6.6530e-06   4.5215e-08
   5.8400e+02   6.6482e-06   4.5131e-08
   5.8500e+02   6.6434e-06   4.5048e-08
   5.8600e+02   6.6387e-06   4.4965e-08
   5.8700e+02   6.6340e-06   4.4883e-08
   5.8800e+02   6.6293e-06   4.4801e-08
   5.8900e+02   6.6246e-06   4.4719e-08
   5.9000e+02   6.6199e-06   4.4637e-08
   5.9100e+02   6.6152e-06   4.4556e-08
   5.9200e+02   6.6106e-06   4.4475e-08
   5.9300e+02   6.6060e-06   4.4395e-08
   5.9400e+02   6.6014e-06   4.4315e-08
   5.9500e+02   6.5968e-06   4.4235e-08
   5.9600e+02   6.5923e-06   4.4155e-08
   5.9700e+02   6.5877e-06   4.4076e-08
   5.9800e+02   6.5832e-06   4.3997e-08
   5.9900e+02   6.5787e-06   4.3919e-08
   6.0000e+02   6.5742e-06   4.3840e-08
   6.0100e+02   6.5698e-06   4.3763e-08
   6.0200e+02   6.5653e-06   4.3685e-08
   6.0300e+02   6.5609e-06   4.3608e-08
   6.0400e+02   6.5565e-06   4.3531e-08
   6.0500e+02   6.5521e-06   4.3454e-08
   6.0600e+02   6.5477e-06   4.3378e-08
   6.0700e+02   6.5433e-06   4.3301e-08
   6.0800e+02   6.5390e-06   4.3226e-08
   6.0900e+02   6.5346e-06   4.3150e-08
   6.1000e+02   6.5303e-06   4.3075e-08
   6.1100e+02   6.5260e-06   4.3000e-08
   6.1200e+02   6.5218e-06   4.2926e-08
   6.1300e+02   6.5175e-06   4.2852e-08
   6.1400e+02   6.5133e-06   4.2778e-08
   6.1500e+02   6.5090e-06   4.2704e-08
   6.1600e+02   6.5048e-06   4.2631e-08
   6.1700e+02   6.5006e-06   4.2558e-08
   6.1800e+02   6.4964e-06   4.2485e-08
   6.1900e+02   6.4923e-06   4.2412e-08
   6.2000e+02   6.4881e-06   4.2340e-08
   6.2100e+02   6.4840e-06   4.2268e-08
   6.2200e+02   6.4799e-06   4.2197e-08
   6.2300e+02   6.4758e-06   4.2126e-08
   6.2400e+02   6.4717e-06   4.2055e-08
   6.2500e+02   6.4676e-06   4.1984e-08
   6.2600e+02   6.4636e-06   4.1913e-08
   6.2700e+02   6.4595e-06   4.1843e-08
   6.2800e+02   6.4555e-06   4.1773e-08
   6.2900e+02   6.4515e-06   4.1704e-08
   6.3000e+02   6.4475e-06   4.1635e-08
   6.3100e+02   6.4435e-06   4.1566e-08
   6.3200e+02   6.4396e-06   4.1497e-08
   6.3300e+02   6.4356e-06   4.1428e-08
   6.3400e+02   6.4317e-06   4.1360e-08
   6.3500e+02   6.4278e-06   4.1292e-08
   6.3600e+02   6.4239e-06   4.1225e-08
   6.3700e+02   6.4200e-06   4.1157e-08
   6.3800e+02   6.4161e-06   4.1090e-08
   6.3900e+02   6.4122e-06   4.1023e-08
   6.4000e+02   6.4084e-06   4.0957e-08
   6.4100e+02   6.4045e-06   4.0890e-08
   6.4200e+02   6.4007e-06   4.0824e-08
   6.4300e+02   6.3969e-06   4.0758e-08
   6.4400e+02   6.3931e-06   4.0693e-08
   6.4500e+02   6.3893e-06   4.0627e-08
   6.4600e+02   6.3856e-06   4.0562e-08
   6.4700e+02   6.3818e-06   4.0498e-08
   6.4800e+02   6.3781e-06   4.0433e-08
   6.4900e+02   6.3743e-06   4.0369e-08
   6.5000e+02   6.3706e-06   4.0305e-08
   6.5100e+02   6.3669e-06   4.0241e-08
   6.5200e+02   6.3632e-06   4.0177e-08
   6.5300e+02   6.3596e-06   4.0114e-08
   6.5400e+02   6.3559e-06   4.0051e-08
   6.5500e+02   6.3522e-06   3.9988e-08
   6.5600e+02   6.3486e-06   3.9926e-08
   6.5700e+02   6.3450e-06   3.9863e-08
   6.5800e+02   6.3414e-06   3.9801e-08
   6.5900e+02   6.3378e-06   3.9739e-08
   6.6000e+02   6.3342e-06   3.9677e-08
   6.6100e+02   6.3306e-06   3.9616e-08
   6.6200e+02   6.3270e-06   3.9555e-08
   6.6300e+02   6.3235e-06   3.9494e-08
   6.6400e+02   6.3199e-06   3.9433e-08
   6.6500e+02   6.3164e-06   3.9373e-08
   6.6600e+02   6.3129e-06   3.9312e-08
   6.6700e+02   6.3094e-06   3.9252e-08
   6.6800e+02   6.3059e-06   3.9192e-08
   6.6900e+02   6.3024e-06   3.9133e-08
   6.7000e+02   6.2989e-06   3.9073e-08
   6.7100e+02   6.2955e-06   3.9014e-08
   6.7200e+02   6.2920e-06   3.8955e-08
   6.7300e+02   6.2886e-06   3.8896e-08
   6.7400e+02   6.2852e-06   3.8838e-08
   6.7500e+02   6.2818e-06   3.8779e-08
   6.7600e+02   6.2784e-06   3.8721e-08
   6.7700e+02   6.2750e-06   3.8663e-08
   6.7800e+02   6.2716e-06   3.8605e-08
   6.7900e+02   6.2682e-06   3.8548e-08
   6.8000e+02   6.2649e-06   3.8490e-08
   6.8100e+02   6.2615e-06   3.8433e-08
   6.8200e+02   6.2582e-06   3.8376e-08
   6.8300e+02   6.2548e-06   3.8319e-08
   6.8400e+02   6.2515e-06   3.8263e-08
   6.8500e+02   6.2482e-06   3.8206e-08
   6.8600e+02   6.2449e-06   3.8150e-08
   6.8700e+02   6.2416e-06   3.8094e-08
   6.8800e+02   6.2383e-06   3.8039e-08
   6.8900e+02   6.2351e-06   3.7983e-08
   6.9000e+02   6.2318e-06   3.7927e-08
   6.9100e+02   6.2286e-06   3.7872e-08
   6.9200e+02   6.2253e-06   3.7817e-08
   6.9300e+02   6.2221e-06   3.7762e-08
   6.9400e+02   6.2189e-06   3.7708e-08
   6.9500e+02   6.2157e-06   3.7653e-08
   6.9600e+02   6.2124e-06   3.7599e-08
   6.9700e+02   6.2093e-06   3.7545e-08
   6.9800e+02   6.2061e-06   3.7491e-08
   6.9900e+02   6.2029e-06   3.7437e-08
   7.0000e+02   6.1997e-06   3.7383e-08
   7.0100e+02   6.1966e-06   3.7330e-08
   7.0200e+02   6.1934e-06   3.7277e-08
   7.0300e+02   6.1903e-06   3.7223e-08
   7.0400e+02   6.1872e-06   3.7171e-08
   7.0500e+02   6.1840e-06   3.7118e-08
   7.0600e+02   6.1809e-06   3.7065e-08
   7.0700e+02   6.1778e-06   3.7013e-08
   7.0800e+02   6.1747e-06   3.6961e-08
   7.0900e+02   6.1716e-06   3.6908e-08
   7.1000e+02   6.1685e-06   3.6857e-08
   7.1100e+02   6.1655e-06   3.6805e-08
   7.1200e+02   6.1624e-06   3.6753e-08
   7.1300e+02   6.1593e-06   3.6702e-08
   7.1400e+02   6.1563e-06   3.6650e-08
   7.1500e+02   6.1533e-06   3.6599e-08
   7.1600e+02   6.1502e-06   3.6548e-08
   7.1700e+02   6.1472e-06   3.6498e-08
   7.1800e+02   6.1442e-06   3.6447e-08
   7.1900e+02   6.1412e-06   3.6396e-08
   7.2000e+02   6.1382e-06   3.6346e-08
   7.2100e+02   6.1352e-06   3.6296e-08
   7.2200e+02   6.1322e-06   3.6246e-08
   7.2300e+02   6.1292e-06   3.6196e-08
   7.2400e+02   6.1262e-06   3.6146e-08
   7.2500e+02   6.1233e-06   3.6097e-08
   7.2600e+02   6.1203e-06   3.6047e-08
   7.2700e+02   6.1173e-06   3.5998e-08
   7.2800e+02   6.1144e-06   3.5949e-08
   7.2900e+02   6.1115e-06   3.5900e-08
   7.3000e+02   6.1085e-06   3.5851e-08
   7.3100e+02   6.1056e-06   3.5802e-08
   7.3200e+02   6.1027e-06   3.5753e-08
   7.3300e+02   6.0998e-06   3.5705e-08
   7.3400e+02   6.0968e-06   3.5657e-08
   7.3500e+02   6.0939e-06   3.5608e-08
   7.3600e+02   6.0911e-06   3.5560e-08
   7.3700e+02   6.0882e-06   3.5512e-08
   7.3800e+02   6.0853e-06   3.5465e-08
   7.3900e+02   6.0824e-06   3.5417e-08
   7.4000e+02   6.0795e-06   3.5369e-08
   7.4100e+02   6.0767e-06   3.5322e-08
   7.4200e+02   6.0738e-06   3.5275e-08
   7.4300e+02   6.0710e-06   3.5228e-08
   7.4400e+02   6.0681e-06   3.5181e-08
   7.4500e+02   6.0653e-06   3.5134e-08
   7.4600e+02   6.0624e-06   3.5087e-08
   7.4700e+02   6.0596e-06   3.5040e-08
   7.4800e+02   6.0568e-06   3.4994e-08
   7.4900e+02   6.0540e-06   3.4947e-08
   7.5000e+02   6.0512e-06   3.4901e-08
   7.5100e+02   6.0484e-06   3.4855e-08
   7.5200e+02   6.0456e-06   3.4809e-08
   7.5300e+02   6.0428e-06   3.4763e-08
   7.5400e+02   6.0400e-06   3.4717e-08
   7.5500e+02   6.0372e-06   3.4672e-08
   7.5600e+02   6.0345e-06   3.4626e-08
   7.5700e+02   6.0317e-06   3.4581e-08
   7.5800e+02   6.0289e-06   3.4535e-08
   7.5900e+02   6.0262e-06   3.4490e-08
   7.6000e+02   6.0234e-06   3.4445e-08
   7.6100e+02   6.0207e-06   3.4400e-08
   7.6200e+02   6.0180e-06   3.4356e-08
   7.6300e+02   6.0152e-06   3.4311e-08
   7.6400e+02   6.0125e-06   3.4266e-08
   7.6500e+02   6.0098e-06   3.4222e-08
   7.6600e+02   6.0071e-06   3.4178e-08
   7.6700e+02   6.0044e-06   3.4133e-08
   7.6800e+02   6.0017e-06   3.4089e-08
   7.6900e+02   5.9990e-06   3.4045e-08
   7.7000e+02   5.9963e-06   3.4001e-08
   7.7100e+02   5.9936e-06   3.3958e-08
   7.7200e+02   5.9910e-06   3.3914e-08
   7.7300e+02   5.9883e-06   3.3870e-08
   7.7400e+02   5.9856e-06   3.3827e-08
   7.7500e+02   5.9830e-06   3.3784e-08
   7.7600e+02   5.9803e-06   3.3740e-08
   7.7700e+02   5.9777e-06   3.3697e-08
   7.7800e+02   5.9750e-06   3.3654e-08
   7.7900e+02   5.9724e-06   3.3611e-08
   7.8000e+02   5.9698e-06   3.3568e-08
   7.8100e+02   5.9672e-06   3.3526e-08
   7.8200e+02   5.9646e-06   3.3483e-08
   7.8300e+02   5.9619e-06   3.3441e-08
   7.8400e+02   5.9593e-06   3.3398e-08
   7.8500e+02   5.9567e-06   3.3356e-08
   7.8600e+02   5.9542e-06   3.3314e-08
   7.8700e+02   5.9516e-06   3.3272e-08
   7.8800e+02   5.9490e-06   3.3230e-08
   7.8900e+02   5.9464e-06   3.3188e-08
   7.9000e+02   5.9438e-06   3.3146e-08
   7.9100e+02   5.9413e-06   3.3104e-08
   7.9200e+02   5.9387e-06   3.3063e-08
   7.9300e+02   5.9362e-06   3.3021e-08
   7.9400e+02   5.9336e-06   3.2980e-08
   7.9500e+02   5.9311e-06   3.2939e-08
   7.9600e+02   5.9286e-06   3.2898e-08
   7.9700e+02   5.9260e-06   3.2856e-08
   7.9800e+02   5.9235e-06   3.2815e-08
   7.9900e+02   5.9210e-06   3.2775e-08
   8.0000e+02   5.9185e-06   3.2734e-08
   8.0100e+02   5.9160e-06   3.2693e-08
   8.0200e+02   5.9135e-06   3.2653e-08
   8.0300e+02   5.9110e-06   3.2612e-08
   8.0400e+02   5.9085e-06   3.2572e-08
   8.0500e+02   5.9060e-06   3.2531e-08
   8.0600e+02   5.9035e-06   3.2491e-08
   8.0700e+02   5.9011e-06   3.2451e-08
   8.0800e+02   5.8986e-06   3.2411e-08
   8.0900e+02   5.8961e-06   3.2371e-08
   8.1000e+02   5.8937e-06   3.2331e-08
   8.1100e+02   5.8912e-06   3.2292e-08
   8.1200e+02   5.8888e-06   3.2252e-08
   8.1300e+02   5.8864e-06   3.2213e-08
   8.1400e+02   5.8839e-06   3.2173e-08
   8.1500e+02   5.8815e-06   3.2134e-08
   8.1600e+02   5.8791e-06   3.2095e-08
   8.1700e+02   5.8767e-06   3.2056e-08
   8.1800e+02   5.8743e-06   3.2017e-08
   8.1900e+02   5.8719e-06   3.1978e-08
   8.2000e+02   5.8695e-06   3.1939e-08
   8.2100e+02   5.8671e-06   3.1900e-08
   8.2200e+02   5.8647e-06   3.1861e-08
   8.2300e+02   5.8623e-06   3.1823e-08
   8.2400e+02   5.8599e-06   3.1785e-08
   8.2500e+02   5.8576e-06   3.1746e-08
   8.2600e+02   5.8552e-06   3.1708e-08
   8.2700e+02   5.8529e-06   3.1670e-08
   8.2800e+02   5.8505e-06   3.1632e-08
   8.2900e+02   5.8482e-06   3.1594e-08
   8.3000e+02   5.8458e-06   3.1556e-08
   8.3100e+02   5.8435e-06   3.1518e-08
   8.3200e+02   5.8412e-06   3.1481e-08
   8.3300e+02   5.8388e-06   3.1443e-08
   8.3400e+02   5.8365e-06   3.1406e-08
   8.3500e+02   5.8342e-06   3.1368e-08
   8.3600e+02   5.8319e-06   3.1331e-08
   8.3700e+02   5.8296e-06   3.1294e-08
   8.3800e+02   5.8273e-06   3.1257e-08
   8.3900e+02   5.8250e-06   3.1220e-08
   8.4000e+02   5.8228e-06   3.1183e-08
   8.4100e+02   5.8205e-06   3.1147e-08
   8.4200e+02   5.8182e-06   3.1110e-08
   8.4300e+02   5.8160e-06   3.1073e-08
   8.4400e+02   5.8137e-06   3.1037e-08
   8.4500e+02   5.8114e-06   3.1001e-08
   8.4600e+02   5.8092e-06   3.0964e-08
   8.4700e+02   5.8070e-06   3.0928e-08
   8.4800e+02   5.8047e-06   3.0892e-08
   8.4900e+02   5.8025e-06   3.0856e-08
   8.5000e+02   5.8003e-06   3.0821e-08
   8.5100e+02   5.7981e-06   3.0785e-08
   8.5200e+02   5.7958e-06   3.0749e-08
   8.5300e+02   5.7936e-06   3.0714e-08
   8.5400e+02   5.7914e-06   3.0678e-08
   8.5500e+02   5.7892e-06   3.0643e-08
   8.5600e+02   5.7871e-06   3.0608e-08
   8.5700e+02   5.7849e-06   3.0572e-08
   8.5800e+02   5.7827e-06   3.0537e-08
   8.5900e+02   5.7805e-06   3.0502e-08
   8.6000e+02   5.7784e-06   3.0468e-08
   8.6100e+02   5.7762e-06   3.0433e-08
   8.6200e+02   5.7740e-06   3.0398e-08
   8.6300e+02   5.7719e-06   3.0364e-08
   8.6400e+02   5.7698e-06   3.0329e-08
   8.6500e+02   5.7676e-06   3.0295e-08
   8.6600e+02   5.7655e-06   3.0261e-08
   8.6700e+02   5.7634e-06   3.0226e-08
   8.6800e+02   5.7612e-06   3.0192e-08
   8.6900e+02   5.7591e-06   3.0158e-08
   8.7000e+02   5.7570e-06   3.0124e-08
   8.7100e+02   5.7549e-06   3.0091e-08
   8.7200e+02   5.7528e-06   3.0057e-08
   8.7300e+02   5.7507e-06   3.0023e-08
   8.7400e+02   5.7486e-06   2.9990e-08
   8.7500e+02   5.7465e-06   2.9956e-08
   8.7600e+02   5.7444e-06   2.9923e-08
   8.7700e+02   5.7424e-06   2.9890e-08
   8.7800e+02   5.7403e-06   2.9857e-08
   8.7900e+02   5.7382e-06   2.9824e-08
   8.8000e+02   5.7362e-06   2.9791e-08
   8.8100e+02   5.7341e-06   2.9758e-08
   8.8200e+02   5.7321e-06   2.9725e-08
   8.8300e+02   5.7300e-06   2.9692e-08
   8.8400e+02   5.7280e-06   2.9660e-08
   8.8500e+02   5.7259e-06   2.9627e-08
   8.8600e+02   5.7239e-06   2.9595e-08
   8.8700e+02   5.7219e-06   2.9563e-08
   8.8800e+02   5.7199e-06   2.9530e-08
   8.8900e+02   5.7178e-06   2.9498e-08
   8.9000e+02   5.7158e-06   2.9466e-08
   8.9100e+02   5.7138e-06   2.9434e-08
   8.9200e+02   5.7118e-06   2.9402e-08
   8.9300e+02   5.7098e-06   2.9370e-08
   8.9400e+02   5.7078e-06   2.9339e-08
   8.9500e+02   5.7058e-06   2.9307e-08
   8.9600e+02   5.7039e-06   2.9276e-08
   8.9700e+02   5.7019e-06   2.9244e-08
   8.9800e+02   5.6999e-06   2.9213e-08
   8.9900e+02   5.6979e-06   2.9182e-08
   9.0000e+02   5.6960e-06   2.9150e-08
   9.0100e+02   5.6940e-06   2.9119e-08
   9.0200e+02   5.6920e-06   2.9088e-08
   9.0300e+02   5.6901e-06   2.9057e-08
   9.0400e+02   5.6881e-06   2.9026e-08
   9.0500e+02   5.6862e-06   2.8996e-08
   9.0600e+02   5.6842e-06   2.8965e-08
   9.0700e+02   5.6823e-06   2.8934e-08
   9.0800e+02   5.6804e-06   2.8904e-08
   9.0900e+02   5.6784e-06   2.8873e-08
   9.1000e+02   5.6765e-06   2.8843e-08
   9.1100e+02   5.6746e-06   2.8813e-08
   9.1200e+02   5.6727e-06   2.8783e-08
   9.1300e+02   5.6708e-06   2.8753e-08
   9.1400e+02   5.6689e-06   2.8723e-08
   9.1500e+02   5.6670e-06   2.8693e-08
   9.1600e+02   5.6650e-06   2.8663e-08
   9.1700e+02   5.6632e-06   2.8633e-08
   9.1800e+02   5.6613e-06   2.8603e-08
   9.1900e+02   5.6594e-06   2.8574e-08
   9.2000e+02   5.6575e-06   2.8544e-08
   9.2100e+02   5.6556e-06   2.8515e-08
   9.2200e+02   5.6537e-06   2.8485e-08
   9.2300e+02   5.6518e-06   2.8456e-08
   9.2400e+02   5.6500e-06   2.8427e-08
   9.2500e+02   5.6481e-06   2.8398e-08
   9.2600e+02   5.6462e-06   2.8369e-08
   9.2700e+02   5.6444e-06   2.8340e-08
   9.2800e+02   5.6425e-06   2.8311e-08
   9.2900e+02   5.6407e-06   2.8282e-08
   9.3000e+02   5.6388e-06   2.8253e-08
   9.3100e+02   5.6370e-06   2.8224e-08
   9.3200e+02   5.6351e-06   2.8196e-08
   9.3300e+02   5.6333e-06   2.8167e-08
   9.3400e+02   5.6315e-06   2.8139e-08
   9.3500e+02   5.6296e-06   2.8110e-08
   9.3600e+02   5.6278e-06   2.8082e-08
   9.3700e+02   5.6260e-06   2.8054e-08
   9.3800e+02   5.6241e-06   2.8026e-08
   9.3900e+02   5.6223e-06   2.7998e-08
   9.4000e+02   5.6205e-06   2.7970e-08
   9.4100e+02   5.6187e-06   2.7942e-08
   9.4200e+02   5.6169e-06   2.7914e-08
   9.4300e+02   5.6151e-06   2.7886e-08
   9.4400e+02   5.6133e-06   2.7858e-08
   9.4500e+02   5.6115e-06   2.7831e-08
   9.4600e+02   5.6097e-06   2.7803e-08
   9.4700e+02   5.6079e-06   2.7775e-08
   9.4800e+02   5.6061e-06   2.7748e-08
   9.4900e+02   5.6043e-06   2.7721e-08
   9.5000e+02   5.6025e-06   2.7693e-08
   9.5100e+02   5.6007e-06   2.7666e-08
   9.5200e+02   5.5990e-06   2.7639e-08
   9.5300e+02   5.5972e-06   2.7612e-08
   9.5400e+02   5.5954e-06   2.7585e-08
   9.5500e+02   5.5936e-06   2.7558e-08
   9.5600e+02   5.5919e-06   2.7531e-08
   9.5700e+02   5.5901e-06   2.7504e-08
   9.5800e+02   5.5883e-06   2.7477e-08
   9.5900e+02   5.5866e-06   2.7450e-08
   9.6000e+02   5.5848e-06   2.7423e-08
   9.6100e+02   5.5831e-06   2.7397e-08
   9.6200e+02   5.5813e-06   2.7370e-08
   9.6300e+02   5.5796e-06   2.7344e-08
   9.6400e+02   5.5778e-06   2.7317e-08
   9.6500e+02   5.5761e-06   2.7291e-08
   9.6600e+02   5.5743e-06   2.7265e-08
   9.6700e+02   5.5726e-06   2.7238e-08
   9.6800e+02   5.5709e-06   2.7212e-08
   9.6900e+02   5.5691e-06   2.7186e-08
   9.7000e+02   5.5674e-06   2.7160e-08
   9.7100e+02   5.5657e-06   2.7134e-08
   9.7200e+02   5.5639e-06   2.7108e-08
   9.7300e+02   5.5622e-06   2.7082e-08
   9.7400e+02   5.5605e-06   2.7056e-08
   9.7500e+02   5.5588e-06   2.7031e-08
   9.7600e+02   5.5571e-06   2.7005e-08
   9.7700e+02   5.5553e-06   2.6979e-08
   9.7800e+02   5.5536e-06   2.6954e-08
   9.7900e+02   5.5519e-06   2.6928e-08
   9.8000e+02   5.5502e-06   2.6903e-08
   9.8100e+02   5.5485e-06   2.6877e-08
   9.8200e+02   5.5468e-06   2.6852e-08
   9.8300e+02   5.5451e-06   2.6826e-08
   9.8400e+02   5.5434e-06   2.6801e-08
   9.8500e+02   5.5417e-06   2.6776e-08
   9.8600e+02   5.5400e-06   2.6751e-08
   9.8700e+02   5.5383e-06   2.6725e-08
   9.8800e+02   5.5366e-06   2.6700e-08
   9.8900e+02   5.5349e-06   2.6675e-08
   9.9000e+02   5.5333e-06   2.6650e-08
   9.9100e+02   5.5316e-06   2.6625e-08
   9.9200e+02   5.5299e-06   2.6601e-08
   9.9300e+02   5.5282e-06   2.6576e-08
   9.9400e+02   5.5265e-06   2.6551e-08
   9.9500e+02   5.5249e-06   2.6526e-08
   9.9600e+02   5.5232e-06   2.6502e-08
   9.9700e+02   5.5215e-06   2.6477e-08
   9.9800e+02   5.5198e-06   2.6452e-08
   9.9900e+02   5.5182e-06   2.6428e-08
   1.0000e+03   5.5165e-06   2.6403e-08
   1.0010e+03   5.5148e-06   2.6379e-08
   1.0020e+03   5.5132e-06   2.6354e-08
   1.0030e+03   5.5115e-06   2.6330e-08
   1.0040e+03   5.5099e-06   2.6306e-08
   1.0050e+03   5.5082e-06   2.6282e-08
   1.0060e+03   5.5065e-06   2.6257e-08
   1.0070e+03   5.5049e-06   2.6233e-08
   1.0080e+03   5.5032e-06   2.6209e-08
   1.0090e+03   5.5016e-06   2.6185e-08
   1.0100e+03   5.4999e-06   2.6161e-08
   1.0110e+03   5.4983e-06   2.6137e-08
   1.0120e+03   5.4967e-06   2.6113e-08
   1.0130e+03   5.4950e-06   2.6090e-08
   1.0140e+03   5.4934e-06   2.6066e-08
   1.0150e+03   5.4917e-06   2.6042e-08
   1.0160e+03   5.4901e-06   2.6019e-08
   1.0170e+03   5.4885e-06   2.5995e-08
   1.0180e+03   5.4868e-06   2.5971e-08
   1.0190e+03   5.4852e-06   2.5948e-08
   1.0200e+03   5.4836e-06   2.5924e-08
   1.0210e+03   5.4820e-06   2.5901e-08
   1.0220e+03   5.4803e-06   2.5878e-08
   1.0230e+03   5.4787e-06   2.5854e-08
   1.0240e+03   5.4771e-06   2.5831e-08
   1.0250e+03   5.4755e-06   2.5808e-08
   1.0260e+03   5.4739e-06   2.5785e-08
   1.0270e+03   5.4723e-06   2.5762e-08
   1.0280e+03   5.4707e-06   2.5739e-08
   1.0290e+03   5.4691e-06   2.5716e-08
   1.0300e+03   5.4675e-06   2.5693e-08
   1.0310e+03   5.4659e-06   2.5670e-08
   1.0320e+03   5.4643e-06   2.5648e-08
   1.0330e+03   5.4627e-06   2.5625e-08
   1.0340e+03   5.4611e-06   2.5602e-08
   1.0350e+03   5.4595e-06   2.5580e-08
   1.0360e+03   5.4579e-06   2.5557e-08
   1.0370e+03   5.4563e-06   2.5535e-08
   1.0380e+03   5.4547e-06   2.5512e-08
   1.0390e+03   5.4531e-06   2.5490e-08
   1.0400e+03   5.4516e-06   2.5468e-08
   1.0410e+03   5.4500e-06   2.5445e-08
   1.0420e+03   5.4484e-06   2.5423e-08
   1.0430e+03   5.4468e-06   2.5401e-08
   1.0440e+03   5.4453e-06   2.5379e-08
   1.0450e+03   5.4437e-06   2.5357e-08
   1.0460e+03   5.4421e-06   2.5335e-08
   1.0470e+03   5.4406e-06   2.5313e-08
   1.0480e+03   5.4390e-06   2.5292e-08
   1.0490e+03   5.4375e-06   2.5270e-08
   1.0500e+03   5.4359e-06   2.5248e-08
   1.0510e+03   5.4344e-06   2.5227e-08
   1.0520e+03   5.4328e-06   2.5205e-08
   1.0530e+03   5.4313e-06   2.5184e-08
   1.0540e+03   5.4297e-06   2.5162e-08
   1.0550e+03   5.4282e-06   2.5141e-08
   1.0560e+03   5.4267e-06   2.5120e-08
   1.0570e+03   5.4251e-06   2.5098e-08
   1.0580e+03   5.4236e-06   2.5077e-08
   1.0590e+03   5.4221e-06   2.5056e-08
   1.0600e+03   5.4206e-06   2.5035e-08
   1.0610e+03   5.4190e-06   2.5014e-08
   1.0620e+03   5.4175e-06   2.4993e-08
   1.0630e+03   5.4160e-06   2.4972e-08
   1.0640e+03   5.4145e-06   2.4952e-08
   1.0650e+03   5.4130e-06   2.4931e-08
   1.0660e+03   5.4115e-06   2.4910e-08
   1.0670e+03   5.4100e-06   2.4890e-08
   1.0680e+03   5.4085e-06   2.4869e-08
   1.0690e+03   5.4070e-06   2.4849e-08
   1.0700e+03   5.4055e-06   2.4828e-08
   1.0710e+03   5.4040e-06   2.4808e-08
   1.0720e+03   5.4025e-06   2.4788e-08
   1.0730e+03   5.4010e-06   2.4768e-08
   1.0740e+03   5.3995e-06   2.4748e-08
   1.0750e+03   5.3980e-06   2.4728e-08
   1.0760e+03   5.3966e-06   2.4708e-08
   1.0770e+03   5.3951e-06   2.4688e-08
   1.0780e+03   5.3936e-06   2.4668e-08
   1.0790e+03   5.3921e-06   2.4648e-08
   1.0800e+03   5.3907e-06   2.4629e-08
   1.0810e+03   5.3892e-06   2.4609e-08
   1.0820e+03   5.3877e-06   2.4590e-08
   1.0830e+03   5.3863e-06   2.4570e-08
   1.0840e+03   5.3848e-06   2.4551e-08
   1.0850e+03   5.3834e-06   2.4532e-08
   1.0860e+03   5.3819e-06   2.4512e-08
   1.0870e+03   5.3805e-06   2.4493e-08
   1.0880e+03   5.3791e-06   2.4474e-08
   1.0890e+03   5.3776e-06   2.4455e-08
   1.0900e+03   5.3762e-06   2.4436e-08
   1.0910e+03   5.3748e-06   2.4417e-08
   1.0920e+03   5.3733e-06   2.4399e-08
   1.0930e+03   5.3719e-06   2.4380e-08
   1.0940e+03   5.3705e-06   2.4361e-08
   1.0950e+03   5.3691e-06   2.4343e-08
   1.0960e+03   5.3676e-06   2.4324e-08
   1.0970e+03   5.3662e-06   2.4306e-08
   1.0980e+03   5.3648e-06   2.4287e-08
   1.0990e+03   5.3634e-06   2.4269e-08
   1.1000e+03   5.3620e-06   2.4251e-08
   1.1010e+03   5.3606e-06   2.4233e-08
   1.1020e+03   5.3592e-06   2.4215e-08
   1.1030e+03   5.3578e-06   2.4197e-08
   1.1040e+03   5.3565e-06   2.4179e-08
   1.1050e+03   5.3551e-06   2.4162e-08
   1.1060e+03   5.3537e-06   2.4144e-08
   1.1070e+03   5.3523e-06   2.4126e-08
   1.1080e+03   5.3509e-06   2.4109e-08
   1.1090e+03   5.3496e-06   2.4091e-08
   1.1100e+03   5.3482e-06   2.4074e-08
   1.1110e+03   5.3468e-06   2.4057e-08
   1.1120e+03   5.3455e-06   2.4040e-08
   1.1130e+03   5.3441e-06   2.4023e-08
   1.1140e+03   5.3428e-06   2.4006e-08
   1.1150e+03   5.3414e-06   2.3989e-08
   1.1160e+03   5.3401e-06   2.3972e-08
   1.1170e+03   5.3387e-06   2.3955e-08
   1.1180e+03   5.3374e-06   2.3938e-08
   1.1190e+03   5.3360e-06   2.3922e-08
   1.1200e+03   5.3347e-06   2.3905e-08
   1.1210e+03   5.3334e-06   2.3889e-08
   1.1220e+03   5.3321e-06   2.3873e-08
   1.1230e+03   5.3307e-06   2.3856e-08
   1.1240e+03   5.3294e-06   2.3840e-08
   1.1250e+03   5.3281e-06   2.3824e-08
   1.1260e+03   5.3268e-06   2.3808e-08
   1.1270e+03   5.3255e-06   2.3792e-08
   1.1280e+03   5.3242e-06   2.3777e-08
   1.1290e+03   5.3229e-06   2.3761e-08
   1.1300e+03   5.3216e-06   2.3745e-08
   1.1310e+03   5.3203e-06   2.3730e-08
   1.1320e+03   5.3190e-06   2.3714e-08
   1.1330e+03   5.3177e-06   2.3699e-08
   1.1340e+03   5.3164e-06   2.3684e-08
   1.1350e+03   5.3152e-06   2.3669e-08
   1.1360e+03   5.3139e-06   2.3654e-08
   1.1370e+03   5.3126e-06   2.3639e-08
   1.1380e+03   5.3114e-06   2.3624e-08
   1.1390e+03   5.3101e-06   2.3609e-08
   1.1400e+03   5.3088e-06   2.3594e-08
   1.1410e+03   5.3076e-06   2.3580e-08
   1.1420e+03   5.3063e-06   2.3565e-08
   1.1430e+03   5.3051e-06   2.3551e-08
   1.1440e+03   5.3038e-06   2.3537e-08
   1.1450e+03   5.3026e-06   2.3523e-08
   1.1460e+03   5.3014e-06   2.3509e-08
   1.1470e+03   5.3001e-06   2.3495e-08
   1.1480e+03   5.2989e-06   2.3481e-08
   1.1490e+03   5.2977e-06   2.3467e-08
   1.1500e+03   5.2965e-06   2.3453e-08
   1.1510e+03   5.2953e-06   2.3440e-08
   1.1520e+03   5.2940e-06   2.3426e-08
   1.1530e+03   5.2928e-06   2.3413e-08
   1.1540e+03   5.2916e-06   2.3399e-08
   1.1550e+03   5.2904e-06   2.3386e-08
   1.1560e+03   5.2892e-06   2.3373e-08
   1.1570e+03   5.2880e-06   2.3360e-08
   1.1580e+03   5.2869e-06   2.3347e-08
   1.1590e+03   5.2857e-06   2.3334e-08
   1.1600e+03   5.2845e-06   2.3322e-08
   1.1610e+03   5.2833e-06   2.3309e-08
   1.1620e+03   5.2822e-06   2.3297e-08
   1.1630e+03   5.2810e-06   2.3284e-08
   1.1640e+03   5.2798e-06   2.3272e-08
   1.1650e+03   5.2787e-06   2.3260e-08
   1.1660e+03   5.2775e-06   2.3248e-08
   1.1670e+03   5.2764e-06   2.3236e-08
   1.1680e+03   5.2752e-06   2.3224e-08
   1.1690e+03   5.2741e-06   2.3212e-08
   1.1700e+03   5.2729e-06   2.3201e-08
   1.1710e+03   5.2718e-06   2.3189e-08
   1.1720e+03   5.2707e-06   2.3178e-08
   1.1730e+03   5.2695e-06   2.3166e-08
   1.1740e+03   5.2684e-06   2.3155e-08
   1.1750e+03   5.2673e-06   2.3144e-08
   1.1760e+03   5.2662e-06   2.3133e-08
   1.1770e+03   5.2651e-06   2.3122e-08
   1.1780e+03   5.2640e-06   2.3111e-08
   1.1790e+03   5.2629e-06   2.3101e-08
   1.1800e+03   5.2618e-06   2.3090e-08
   1.1810e+03   5.2607e-06   2.3080e-08
   1.1820e+03   5.2596e-06   2.3069e-08
   1.1830e+03   5.2585e-06   2.3059e-08
   1.1840e+03   5.2575e-06   2.3049e-08
   1.1850e+03   5.2564e-06   2.3039e-08
   1.1860e+03   5.2553e-06   2.3029e-08
   1.1870e+03   5.2542e-06   2.3019e-08
   1.1880e+03   5.2532e-06   2.3010e-08
   1.1890e+03   5.2521e-06   2.3000e-08
   1.1900e+03   5.2511e-06   2.2991e-08
   1.1910e+03   5.2500e-06   2.2981e-08
   1.1920e+03   5.2490e-06   2.2972e-08
   1.1930e+03   5.2479e-06   2.2963e-08
   1.1940e+03   5.2469e-06   2.2954e-08
   1.1950e+03   5.2459e-06   2.2945e-08
   1.1960e+03   5.2449e-06   2.2937e-08
   1.1970e+03   5.2438e-06   2.2928e-08
   1.1980e+03   5.2428e-06   2.2919e-08
   1.1990e+03   5.2418e-06   2.2911e-08
   1.2000e+03   5.2408e-06   2.2903e-08
   1.2010e+03   5.2398e-06   2.2895e-08
   1.2020e+03   5.2388e-06   2.2887e-08
   1.2030e+03   5.2378e-06   2.2879e-08
   1.2040e+03   5.2368e-06   2.2871e-08
   1.2050e+03   5.2358e-06   2.2863e-08
   1.2060e+03   5.2349e-06   2.2856e-08
   1.2070e+03   5.2339e-06   2.2848e-08
   1.2080e+03   5.2329e-06   2.2841e-08
   1.2090e+03   5.2320e-06   2.2834e-08
   1.2100e+03   5.2310e-06   2.2827e-08
   1.2110e+03   5.2300e-06   2.2820e-08
   1.2120e+03   5.2291e-06   2.2813e-08
   1.2130e+03   5.2281e-06   2.2806e-08
   1.2140e+03   5.2272e-06   2.2800e-08
   1.2150e+03   5.2263e-06   2.2793e-08
   1.2160e+03   5.2253e-06   2.2787e-08
   1.2170e+03   5.2244e-06   2.2781e-08
   1.2180e+03   5.2235e-06   2.2775e-08
   1.2190e+03   5.2226e-06   2.2769e-08
   1.2200e+03   5.2217e-06   2.2763e-08
   1.2210e+03   5.2207e-06   2.2757e-08
   1.2220e+03   5.2198e-06   2.2752e-08
   1.2230e+03   5.2189e-06   2.2746e-08
   1.2240e+03   5.2180e-06   2.2741e-08
   1.2250e+03   5.2172e-06   2.2736e-08
   1.2260e+03   5.2163e-06   2.2731e-08
   1.2270e+03   5.2154e-06   2.2726e-08
   1.2280e+03   5.2145e-06   2.2721e-08
   1.2290e+03   5.2137e-06   2.2716e-08
   1.2300e+03   5.2128e-06   2.2712e-08
   1.2310e+03   5.2119e-06   2.2707e-08
   1.2320e+03   5.2111e-06   2.2703e-08
   1.2330e+03   5.2102e-06   2.2699e-08
   1.2340e+03   5.2094e-06   2.2695e-08
   1.2350e+03   5.2085e-06   2.2691e-08
   1.2360e+03   5.2077e-06   2.2687e-08
   1.2370e+03   5.2069e-06   2.2684e-08
   1.2380e+03   5.2061e-06   2.2680e-08
   1.2390e+03   5.2052e-06   2.2677e-08
   1.2400e+03   5.2044e-06   2.2674e-08
   1.2410e+03   5.2036e-06   2.2671e-08
   1.2420e+03   5.2028e-06   2.2668e-08
   1.2430e+03   5.2020e-06   2.2665e-08
   1.2440e+03   5.2012e-06   2.2662e-08
   1.2450e+03   5.2004e-06   2.2660e-08
   1.2460e+03   5.1996e-06   2.2657e-08
   1.2470e+03   5.1989e-06   2.2655e-08
   1.2480e+03   5.1981e-06   2.2653e-08
   1.2490e+03   5.1973e-06   2.2651e-08
   1.2500e+03   5.1966e-06   2.2649e-08
