9.583958037711221359e-03 3.630914027858792806e-03 7.631366028596581370e-03 1.418291107215253338e-02 2.207724005430735867e-02 3.408939453299918848e-02 4.625924952160621884e-02 6.102451606519360139e-02 7.641126421712038375e-02 8.159822174794420426e-04 4.005170611031584442e-03 7.994804499576294715e-03 1.268728126740633830e-02 1.980215904733085772e-02 2.917302326455028377e-02 4.088326336630612734e-02 5.605767386540694980e-02 7.038178223444752080e-02
3.630914027858792806e-03 5.462493504669857503e-02 5.711708669089404777e-02 9.538219260410098210e-02 1.643721039670983375e-01 2.542101131037396433e-01 3.567491996086235573e-01 4.800779766321325304e-01 6.050115056994672669e-01 2.847208894815858073e-03 1.800679297699105466e-02 4.297169779019650859e-02 8.607631684233624236e-02 1.404722558841879632e-01 2.194748360451850844e-01 3.160282438842490493e-01 4.365656710125255802e-01 5.582548652262534494e-01
7.631366028596581370e-03 5.711708669089404777e-02 2.145068093167082357e-01 3.368338853433431868e-01 5.287817934334861913e-01 8.453045485940202663e-01 1.196879199770578994e+00 1.620632196596226704e+00 2.036732823234054912e+00 6.523942967223786762e-03 4.296218292556403667e-02 1.226217236898457519e-01 2.634936958967381004e-01 4.503611152597080114e-01 7.202126971107833953e-01 1.042458684433410498e+00 1.444433679237232537e+00 1.847256241859864589e+00
1.418291107215253338e-02 9.538219260410098210e-02 3.368338853433431868e-01 8.716884096930189729e-01 1.396301664231734518e+00 2.125968385880860900e+00 3.038137978166923769e+00 4.156175389226095085e+00 5.265588498922808114e+00 1.130175341130427308e-02 8.529731405900350949e-02 2.652384576015252016e-01 6.190572355524993631e-01 1.107597627264651718e+00 1.811596804195097610e+00 2.647466184015450530e+00 3.691802172066227072e+00 4.749058926598797470e+00
2.207724005430735867e-02 1.643721039670983375e-01 5.287817934334861913e-01 1.396301664231734518e+00 2.684079729553042526e+00 4.256777125682616791e+00 6.018658784081999613e+00 8.294270857514376871e+00 1.062634956291928390e+01 1.919048791445339755e-02 1.468862806469321547e-01 4.596237735521562784e-01 1.126724725101150071e+00 2.099279881487507993e+00 3.523048568835319916e+00 5.220502091106601128e+00 7.360923403843266932e+00 9.556646693767307355e+00
3.408939453299918848e-02 2.542101131037396433e-01 8.453045485940202663e-01 2.125968385880860900e+00 4.256777125682616791e+00 7.391373646309341794e+00 1.074916237102791072e+01 1.491567368523476489e+01 1.918609236861594525e+01 2.917135627495026293e-02 2.320457373133748558e-01 7.325915889022728278e-01 1.840056072759455708e+00 3.524074049252813978e+00 6.097483224229737431e+00 9.210337273454221929e+00 1.316101696698675916e+01 1.724925248865871197e+01
4.625924952160621884e-02 3.567491996086235573e-01 1.196879199770578994e+00 3.038137978166923769e+00 6.018658784081999613e+00 1.074916237102791072e+01 1.641397015890921907e+01 2.328929779803748090e+01 3.033495020070090931e+01 3.967707918469737249e-02 3.251034558605793157e-01 1.047335211028925350e+00 2.662207317117813776e+00 5.180511158373509062e+00 9.162947819468723054e+00 1.411192603575160120e+01 2.048459626026485125e+01 2.716536377039220085e+01
6.102451606519360139e-02 4.800779766321325304e-01 1.620632196596226704e+00 4.156175389226095085e+00 8.294270857514376871e+00 1.491567368523476489e+01 2.328929779803748090e+01 3.428057730277415516e+01 4.548125375896002254e+01 5.444341507447898743e-02 4.413182871471299507e-01 1.436066049126412336e+00 3.688721000940161865e+00 7.275434187301808464e+00 1.308310515729523615e+01 2.048445766664808687e+01 3.024815532182432420e+01 4.068838942731580488e+01
7.641126421712038375e-02 6.050115056994672669e-01 2.036732823234054912e+00 5.265588498922808114e+00 1.062634956291928390e+01 1.918609236861594525e+01 3.033495020070090931e+01 4.548125375896002254e+01 6.187806380853363208e+01 6.581072195271261971e-02 5.564684304625268085e-01 1.825542064944391418e+00 4.730947225939971190e+00 9.418918839952645783e+00 1.713387123534569412e+01 2.716602111936409614e+01 4.071058045113202439e+01 5.553015183547231715e+01
8.159822174794420426e-04 2.847208894815858073e-03 6.523942967223786762e-03 1.130175341130427308e-02 1.919048791445339755e-02 2.917135627495026293e-02 3.967707918469737249e-02 5.444341507447898743e-02 6.581072195271261971e-02 1.061644227574039603e-02 4.116092791444595639e-03 7.963119943610078369e-03 1.297392479253607449e-02 1.744712900495542021e-02 2.696771646300551509e-02 3.724792137049970364e-02 4.988538309274433147e-02 6.280724232763834625e-02
4.005170611031584442e-03 1.800679297699105466e-02 4.296218292556403667e-02 8.529731405900350949e-02 1.468862806469321547e-01 2.320457373133748558e-01 3.251034558605793157e-01 4.413182871471299507e-01 5.564684304625268085e-01 4.116092791444595639e-03 6.334044028170870977e-02 5.931290030472895214e-02 8.961526515839188245e-02 1.470610471956381171e-01 2.207072642108438565e-01 3.114074995624454556e-01 4.264323355129544524e-01 5.412808862638174290e-01
7.994804499576294715e-03 4.297169779019650859e-02 1.226217236898457519e-01 2.652384576015252016e-01 4.596237735521562784e-01 7.325915889022728278e-01 1.047335211028925350e+00 1.436066049126412336e+00 1.825542064944391418e+00 7.963119943610078369e-03 5.931290030472895214e-02 2.176410638040040257e-01 3.075468559485002307e-01 4.518095036419345067e-01 7.071219537373230057e-01 1.010761525146461004e+00 1.390071662225697668e+00 1.772678088763291138e+00
1.268728126740633830e-02 8.607631684233624236e-02 2.634936958967381004e-01 6.190572355524993631e-01 1.126724725101150071e+00 1.840056072759455708e+00 2.662207317117813776e+00 3.688721000940161865e+00 4.730947225939971190e+00 1.297392479253607449e-02 8.961526515839188245e-02 3.075468559485002307e-01 8.128497176189070084e-01 1.231435742854057436e+00 1.809100989004675863e+00 2.601810960680372542e+00 3.594920485068169747e+00 4.603726424216119995e+00
1.980215904733085772e-02 1.404722558841879632e-01 4.503611152597080114e-01 1.107597627264651718e+00 2.099279881487507993e+00 3.524074049252813978e+00 5.180511158373509062e+00 7.275434187301808464e+00 9.418918839952645783e+00 1.744712900495542021e-02 1.470610471956381171e-01 4.518095036419345067e-01 1.231435742854057436e+00 2.384017382207285873e+00 3.688342222901906720e+00 5.161140395362257216e+00 7.124710884428030688e+00 9.200453958569926982e+00
2.917302326455028377e-02 2.194748360451850844e-01 7.202126971107833953e-01 1.811596804195097610e+00 3.523048568835319916e+00 6.097483224229737431e+00 9.162947819468723054e+00 1.308310515729523615e+01 1.713387123534569412e+01 2.696771646300551509e-02 2.207072642108438565e-01 7.071219537373230057e-01 1.809100989004675863e+00 3.688342222901906720e+00 6.468808461117768083e+00 9.385822981977996804e+00 1.297712986758521758e+01 1.675316395533290503e+01
4.088326336630612734e-02 3.160282438842490493e-01 1.042458684433410498e+00 2.647466184015450530e+00 5.220502091106601128e+00 9.210337273454221929e+00 1.411192603575160120e+01 2.048445766664808687e+01 2.716602111936409614e+01 3.724792137049970364e-02 3.114074995624454556e-01 1.010761525146461004e+00 2.601810960680372542e+00 5.161140395362257216e+00 9.385822981977996804e+00 1.450596407258199783e+01 2.057486527953236077e+01 2.686218211043300386e+01
5.605767386540694980e-02 4.365656710125255802e-01 1.444433679237232537e+00 3.691802172066227072e+00 7.360923403843266932e+00 1.316101696698675916e+01 2.048459626026485125e+01 3.024815532182432420e+01 4.071058045113202439e+01 4.988538309274433147e-02 4.264323355129544524e-01 1.390071662225697668e+00 3.594920485068169747e+00 7.124710884428030688e+00 1.297712986758521758e+01 2.057486527953236077e+01 3.048837370389163581e+01 4.057000049219475102e+01
7.038178223444752080e-02 5.582548652262534494e-01 1.847256241859864589e+00 4.749058926598797470e+00 9.556646693767307355e+00 1.724925248865871197e+01 2.716536377039220085e+01 4.068838942731580488e+01 5.553015183547231715e+01 6.280724232763834625e-02 5.412808862638174290e-01 1.772678088763291138e+00 4.603726424216119995e+00 9.200453958569926982e+00 1.675316395533290503e+01 2.686218211043300386e+01 4.057000049219475102e+01 5.549920454539346792e+01
