4.732774539858829871e-03 1.542602853799179266e-03 3.320269821093953071e-03 6.518083649154392603e-03 1.037861761561703969e-02 1.598417929240008792e-02 2.162734605217345868e-02 2.879318654364302829e-02 3.529592291966694023e-02 4.314796616766544603e-04 1.740594116272763591e-03 3.261360851741764398e-03 5.503165469814482423e-03 9.038594336184585867e-03 1.423998599614952239e-02 1.988822961122703112e-02 2.621666844996476883e-02 3.269204077937276631e-02
1.542602853799179266e-03 2.782140102635608306e-02 2.851574261200098825e-02 4.756588258768607025e-02 8.202485721083233039e-02 1.277023190029370203e-01 1.782599868765459006e-01 2.391322171500773475e-01 2.975225192639083249e-01 1.664426832161784242e-03 9.188982426228477912e-03 2.136927067155078297e-02 4.079998216211606216e-02 6.843550606925469237e-02 1.088117552045477776e-01 1.551481919022352218e-01 2.120415979242286919e-01 2.710344967217008794e-01
3.320269821093953071e-03 2.851574261200098825e-02 1.046255730254322391e-01 1.637372868360143507e-01 2.556991526321557573e-01 4.074664147928759306e-01 5.750903187430735919e-01 7.798358340537304700e-01 9.783414545506774473e-01 3.498990745606069507e-03 2.123188793293558085e-02 5.775096377170219758e-02 1.245461797959981354e-01 2.174534376613974640e-01 3.476434442221638665e-01 4.993203240956140543e-01 6.904573278343817400e-01 8.831307161971675423e-01
6.518083649154392603e-03 4.756588258768607025e-02 1.637372868360143507e-01 4.227073333671287347e-01 6.744553763116289957e-01 1.030352545404626508e+00 1.474698967879848555e+00 2.021633762586273697e+00 2.562422246090020117e+00 6.232245221745987863e-03 4.164468233379958750e-02 1.250131810296848389e-01 2.937809067991962175e-01 5.376859690062739672e-01 8.816978332007961994e-01 1.281745747812855107e+00 1.792504083992764841e+00 2.311375593734704470e+00
1.037861761561703969e-02 8.202485721083233039e-02 2.556991526321557573e-01 6.744553763116289957e-01 1.294111400280411939e+00 2.056002490532299998e+00 2.907404925220451020e+00 4.009656867373111666e+00 5.141148310440454061e+00 9.633208860448889965e-03 6.884739673263269577e-02 2.148122980867259169e-01 5.309337847965358570e-01 1.011716286480018212e+00 1.708500419905551126e+00 2.517996460867558461e+00 3.555989216212414927e+00 4.624401113745033598e+00
1.598417929240008792e-02 1.277023190029370203e-01 4.074664147928759306e-01 1.030352545404626508e+00 2.056002490532299998e+00 3.586902436741626232e+00 5.229666857696709137e+00 7.270962751222532106e+00 9.369262349470087514e+00 1.503667121280485852e-02 1.077661655939400331e-01 3.430585962202195027e-01 8.699432695343090050e-01 1.710214995064044619e+00 2.975380051892906330e+00 4.471704060447274642e+00 6.404968004432259221e+00 8.416781441296993904e+00
2.162734605217345868e-02 1.782599868765459006e-01 5.750903187430735919e-01 1.474698967879848555e+00 2.907404925220451020e+00 5.229666857696709137e+00 8.021199633815678354e+00 1.141811588687971479e+01 1.491009426799708315e+01 2.121610088364327823e-02 1.518127719880499327e-01 4.916641901944676651e-01 1.258109593779846103e+00 2.519064511252106620e+00 4.484951972327887226e+00 6.875577535892414716e+00 1.001281597885336616e+01 1.332080256986519373e+01
2.879318654364302829e-02 2.391322171500773475e-01 7.798358340537304700e-01 2.021633762586273697e+00 4.009656867373111666e+00 7.270962751222532106e+00 1.141811588687971479e+01 1.687312704128933305e+01 2.245172567127277219e+01 2.908509493597432813e-02 2.042309378689735888e-01 6.780006609071954626e-01 1.745936057225675464e+00 3.540887822344330527e+00 6.417384039455225953e+00 1.000722108749802786e+01 1.483495001749139064e+01 2.003350219884500660e+01
3.529592291966694023e-02 2.975225192639083249e-01 9.783414545506774473e-01 2.562422246090020117e+00 5.141148310440454061e+00 9.369262349470087514e+00 1.491009426799708315e+01 2.245172567127277219e+01 3.064725362724985658e+01 3.704265072640566120e-02 2.553968279238549299e-01 8.645461097895456026e-01 2.244136618092517299e+00 4.596787979297132232e+00 8.432931244645768487e+00 1.331238853099910280e+01 2.002284672872355031e+01 2.742210893570701913e+01
4.314796616766544603e-04 1.664426832161784242e-03 3.498990745606069507e-03 6.232245221745987863e-03 9.633208860448889965e-03 1.503667121280485852e-02 2.121610088364327823e-02 2.908509493597432813e-02 3.704265072640566120e-02 5.125133467484973941e-03 1.731164604301972708e-03 3.627164979386970391e-03 5.882614989991193609e-03 9.299685565101386067e-03 1.524080557249934097e-02 2.085102874639397502e-02 2.846113353620401826e-02 3.608948657890230505e-02
1.740594116272763591e-03 9.188982426228477912e-03 2.123188793293558085e-02 4.164468233379958750e-02 6.884739673263269577e-02 1.077661655939400331e-01 1.518127719880499327e-01 2.042309378689735888e-01 2.553968279238549299e-01 1.731164604301972708e-03 2.995900870664815197e-02 2.713981162151619247e-02 4.047009481896538668e-02 6.704814614099607883e-02 1.009315702075601340e-01 1.429971404957661174e-01 1.955725411749949239e-01 2.473008329121028359e-01
3.261360851741764398e-03 2.136927067155078297e-02 5.775096377170219758e-02 1.250131810296848389e-01 2.148122980867259169e-01 3.430585962202195027e-01 4.916641901944676651e-01 6.780006609071954626e-01 8.645461097895456026e-01 3.627164979386970391e-03 2.713981162151619247e-02 1.031873365474195586e-01 1.426717006417241584e-01 2.099001593161506640e-01 3.338096147053615792e-01 4.762379357176951822e-01 6.556368350945580570e-01 8.359311479171392945e-01
5.503165469814482423e-03 4.079998216211606216e-02 1.245461797959981354e-01 2.937809067991962175e-01 5.309337847965358570e-01 8.699432695343090050e-01 1.258109593779846103e+00 1.745936057225675464e+00 2.244136618092517299e+00 5.882614989991193609e-03 4.047009481896538668e-02 1.426717006417241584e-01 3.809545442561593220e-01 5.829848231559783267e-01 8.588037919884926596e-01 1.224498400881392612e+00 1.696506067559806041e+00 2.177770290032597256e+00
9.038594336184585867e-03 6.843550606925469237e-02 2.174534376613974640e-01 5.376859690062739672e-01 1.011716286480018212e+00 1.710214995064044619e+00 2.519064511252106620e+00 3.540887822344330527e+00 4.596787979297132232e+00 9.299685565101386067e-03 6.704814614099607883e-02 2.099001593161506640e-01 5.829848231559783267e-01 1.147573275391338798e+00 1.779713854261936623e+00 2.484597417182258017e+00 3.445039966569025669e+00 4.466631761954955593e+00
1.423998599614952239e-02 1.088117552045477776e-01 3.476434442221638665e-01 8.816978332007961994e-01 1.708500419905551126e+00 2.975380051892906330e+00 4.484951972327887226e+00 6.417384039455225953e+00 8.432931244645768487e+00 1.524080557249934097e-02 1.009315702075601340e-01 3.338096147053615792e-01 8.588037919884926596e-01 1.779713854261936623e+00 3.137657039799530256e+00 4.549492609289448986e+00 6.322831474176147992e+00 8.200563487522350314e+00
1.988822961122703112e-02 1.551481919022352218e-01 4.993203240956140543e-01 1.281745747812855107e+00 2.517996460867558461e+00 4.471704060447274642e+00 6.875577535892414716e+00 1.000722108749802786e+01 1.331238853099910280e+01 2.085102874639397502e-02 1.429971404957661174e-01 4.762379357176951822e-01 1.224498400881392612e+00 2.484597417182258017e+00 4.549492609289448986e+00 7.017989136084500146e+00 9.994526620868882105e+00 1.310083428239869541e+01
2.621666844996476883e-02 2.120415979242286919e-01 6.904573278343817400e-01 1.792504083992764841e+00 3.555989216212414927e+00 6.404968004432259221e+00 1.001281597885336616e+01 1.483495001749139064e+01 2.002284672872355031e+01 2.846113353620401826e-02 1.955725411749949239e-01 6.556368350945580570e-01 1.696506067559806041e+00 3.445039966569025669e+00 6.322831474176147992e+00 9.994526620868882105e+00 1.486195960031036201e+01 1.984467771148745285e+01
3.269204077937276631e-02 2.710344967217008794e-01 8.831307161971675423e-01 2.311375593734704470e+00 4.624401113745033598e+00 8.416781441296993904e+00 1.332080256986519373e+01 2.003350219884500660e+01 2.742210893570701913e+01 3.608948657890230505e-02 2.473008329121028359e-01 8.359311479171392945e-01 2.177770290032597256e+00 4.466631761954955593e+00 8.200563487522350314e+00 1.310083428239869541e+01 1.984467771148745285e+01 2.723355754289292463e+01
